# 20260220 涨停分析报告
## 市场概况
| 指标 | 数值 |
| --- | --- |
| 涨停家数 | 46 |
| 跌停家数 | 16 |
| 上涨家数 | 1540 |
| 平盘家数 | 105 |
| 下跌家数 | 3829 |
| 上证涨跌幅(%) | -1.26 |
| 深证涨跌幅(%) | -1.28 |
| 创业板涨跌幅(%) | -1.57 |
| A股总成交额(亿) | 19989.42 |
| 情绪分数 | 45.67 |

## 趋势(近7日)
| 日期 | 涨停家数 | 涨停Δ | 情绪分数 | 情绪MA5 | 上证(%) | 上证Δ | 深证(%) | 深证Δ | 创业板(%) | 创业Δ | 上涨家数 | 上涨Δ | 下跌家数 | 下跌Δ | 平盘家数 | 平盘Δ |
| --- | --- | --- | --- | --- | --- | --- | --- | --- | --- | --- | --- | --- | --- | --- | --- | --- |
| 20260106.0 | 140.00 |  |  |  | 1.50 |  | 1.40 |  | 0.75 |  | 4107.00 |  | 1222.00 |  | 129.00 |  |
| 20260107.0 | 97.00 | -43.00 |  |  | 0.05 | -1.45 | 0.06 | -1.35 | 0.31 | -0.44 | 2172.00 | -1935.00 | 3190.00 | 1968.00 | 97.00 | -32.00 |
| 20260108.0 | 111.00 | 14.00 |  |  | -0.07 | -0.12 | -0.51 | -0.56 | -0.82 | -1.14 | 3730.00 | 1558.00 | 1595.00 | -1595.00 | 133.00 | 36.00 |
| 20260109.0 | 107.00 | -4.00 |  |  | 0.92 | 0.99 | 1.15 | 1.66 | 0.77 | 1.59 | 3920.00 | 190.00 | 1348.00 | -247.00 | 190.00 | 57.00 |
| 20260220.0 | 46.00 | -61.00 |  |  | -1.26 | -2.17 | -1.28 | -2.43 | -1.57 | -2.34 | 1540.00 | -2380.00 | 3829.00 | 2481.00 | 105.00 | -85.00 |

## 今日龙头 (综合评分前5)
| 股票简称 | 几天几板 | 综合评分 | 评分等级 |
| --- | --- | --- | --- |
| 美邦股份 | 3天3板 | 4.57 | E |
| 豫能控股 | 3天3板 | 2.72 | E |
| 法尔胜 | 首板涨停 | 2.54 | E |
| 国安股份 | 首板涨停 | 2.54 | E |
| 掌阅科技 | 5天5板 | 1.58 | E |

## 资金龙头 (大单净额前3)
| 股票简称 | 最新dde大单净额 | 涨停封单量占成交量比 |
| --- | --- | --- |
| *ST国华 |  | 0.31 |
| 深科技 |  | 1.64 |
| ST晨鸣 |  | 0.93 |

## 概念热点
N/A

## 连板梯队
| 几天几板 | 数量 | 股票 |
| --- | --- | --- |
| 11天7板 | 1 | *ST东易 |
| 15天11板 | 1 | ST京蓝 |
| 2天2板 | 1 | 汉缆股份 |
| 3天3板 | 3 | 美邦股份、豫能控股、金时科技 |
| 49天27板 | 1 | *ST铖昌 |
| 4天3板 | 1 | *ST松发 |
| 4天4板 | 2 | *ST万方、ST金鸿 |
| 5天3板 | 1 | 风语筑 |
| 5天5板 | 1 | 掌阅科技 |
| 7天7板 | 1 | ST中迪 |
| 首板涨停 | 33 | *ST仁东、*ST国华、*ST宇顺、ST京机、ST八菱、ST华鹏、ST晨鸣、中水渔业、五洲特纸、亚星锚链、京能置业、克来机电、兴民智通、千里科技、华建集团、华胜天成、国安股份、国风新材、圣晖集成、天奇股份、天汽模、安达维尔、建设机械、易天股份、智光电气、汉邦高科、法尔胜、泰嘉股份、浙江世宝、深科技、百达精工、罗曼股份、航发动力 |

## 涨停概念与行业统计

### 涨停股票列表（含行业与概念）
| 股票简称 | 股票代码 | 股票价格 | 几天几板 | 流通股 | 换手率 | 封成比 | 涨停原因类别 | 首次涨停时间 | 开板次数 |
| --- | --- | --- | --- | --- | --- | --- | --- | --- | --- |
| *ST国华 | SZ000004 | 8.36 | 首板涨停 | 1.26亿 |  | 0.31 | 地天板+AI大模型+鸿蒙安全+移动安全 |  14:56:27 | 1 |
| 深科技 | SZ000021 | 32.29 | 首板涨停 | 15.71亿 |  | 1.64 | 存储芯片+先进封装+央企 |  13:04:02 | 4 |
| ST晨鸣 | SZ000488 | 2.28 | 首板涨停 | 16.81亿 |  | 0.93 | 浆纸一体化+复工复产+山东国资 |  13:41:48 | 8 |
| ST中迪 | SZ000609 | 10.5 | 7天7板 | 2.91亿 |  | 21.52 | 半导体的人来了+房地产+创投 |  09:30:00 | 2 |
| *ST万方 | SZ000638 | 2.21 | 4天4板 | 3.10亿 |  | 5.11 | 军工+粮食+退市博弈 |  09:30:15 | 17 |
| ST金鸿 | SZ000669 | 3.74 | 4天4板 | 6.80亿 |  | 6.30 | 预重整+天然气+扭亏 |  09:30:00 | 3 |
| ST京蓝 | SZ000711 | 3.14 | 15天11板 | 22.86亿 |  | 4.31 | 金属铟+ITO靶材+鑫联科技注入 |  09:30:00 | 2 |
| 中水渔业 | SZ000798 | 12.46 | 首板涨停 | 3.66亿 |  | 20.06 | 远洋渔业+扭亏为盈+央企 |  09:58:01 | 0 |
| ST京机 | SZ000821 | 15.73 | 首板涨停 | 6.05亿 |  | 1.24 | 钙钛矿设备+锂电订单+北美突破 |  09:32:00 | 6 |
| 国安股份 | SZ000839 | 3.39 | 首板涨停 | 39.20亿 |  | 87.59 | 内容审核+AI数据标注+央企背景 |  09:30:15 | 0 |
| 国风新材 | SZ000859 | 11.97 | 首板涨停 | 8.96亿 |  | 4.26 | 光刻胶+拟收购金张科技+合肥国资 |  09:59:46 | 1 |
| 法尔胜 | SZ000890 | 6.03 | 首板涨停 | 4.19亿 |  | 15.99 | 钢帘线+环保设备+重大资产出售 |  11:19:46 | 0 |
| *ST铖昌 | SZ001270 | 127.01 | 49天27板 | 2.03亿 |  | 26.89 | 商业航天+T/R芯片+扭亏为盈 |  09:49:31 | 0 |
| 豫能控股 | SZ001896 | 9.12 | 3天3板 | 15.26亿 |  | 101.40 | 参股算力+绿电储备+火电+河南国资 |  09:30:00 | 0 |
| 天奇股份 | SZ002009 | 35.64 | 首板涨停 | 3.54亿 |  | 1.37 | 人形机器人+银河通用+工业场景落地 |  11:03:16 | 3 |
| 智光电气 | SZ002169 | 15.3 | 首板涨停 | 7.59亿 |  | 9.94 | 高压储能+10亿订单+参投粤芯半导体+业绩预计扭亏 |  10:22:16 | 0 |
| *ST宇顺 | SZ002289 | 26.64 | 首板涨停 | 2.80亿 |  | 21.57 | IDC并购+液晶显示+ST板块 |  11:22:31 | 0 |
| 兴民智通 | SZ002355 | 7.47 | 首板涨停 | 6.18亿 |  | 19.23 | 无人驾驶+车联网+低空经济+钢制车轮 |  11:04:16 | 0 |
| 汉缆股份 | SZ002498 | 6.77 | 2天2板 | 33.27亿 |  | 6.00 | 特高压+海上风电+电网设备 |  09:31:15 | 4 |
| 天汽模 | SZ002510 | 8.5 | 首板涨停 | 10.05亿 |  | 4.98 | 资产重组+东实股份+汽车模具+国企 |  10:28:01 | 2 |
| ST八菱 | SZ002592 | 10.37 | 首板涨停 | 2.63亿 |  | 3.29 | 业绩预增+汽车热管理+新能源基地 |  10:18:16 | 3 |
| *ST仁东 | SZ002647 | 9.48 | 首板涨停 | 6.78亿 |  | 2.32 | AI算力+第三方支付+扭亏为盈+摘帽预期 |  09:48:16 | 9 |
| 浙江世宝 | SZ002703 | 22.94 | 首板涨停 | 5.86亿 |  | 4.50 | 线控转向+L3自动驾驶 |  09:47:16 | 1 |
| *ST东易 | SZ002713 | 10.98 | 11天7板 | 5.27亿 |  | 0.85 | 算力中心+重整完成+家装AI |  09:30:00 | 4 |
| 泰嘉股份 | SZ002843 | 20.85 | 首板涨停 | 2.51亿 |  | 17.20 | 数据中心电源+商业航天+合金钢带 |  09:50:16 | 0 |
| 金时科技 | SZ002951 | 19.48 | 3天3板 | 4.01亿 |  | 14.61 | 超级电容+储能系统+间接投资光纤公司 |  09:49:31 | 3 |
| 汉邦高科 | SZ300449 | 9.18 | 首板涨停 | 3.86亿 |  | 5.78 | 数字水印+智算服务+重大资产重组 |  09:37:16 | 1 |
| 安达维尔 | SZ300719 | 20.89 | 首板涨停 | 1.80亿 |  | 6.53 | 国产大飞机+eVTOL订单+定增获批 |  10:43:16 | 0 |
| 易天股份 | SZ300812 | 41.76 | 首板涨停 | 0.93亿 |  | 1.75 | CPO+先进封装+年报扭亏 |  10:05:46 | 2 |
| 华胜天成 | SH600410 | 24.61 | 首板涨停 | 10.96亿 |  | 5.14 | AI算力+AI应用 |  09:38:16 | 1 |
| 华建集团 | SH600629 | 21.19 | 首板涨停 | 9.53亿 |  | 17.48 | 上海微电子相关+工程设计+浦东机场T3+上海国资 |  09:53:31 | 0 |
| 京能置业 | SH600791 | 7.29 | 首板涨停 | 4.52亿 |  | 12.27 | 地产开发+京津冀规划+北京国资 |  09:58:46 | 0 |
| 航发动力 | SH600893 | 57.17 | 首板涨停 | 26.65亿 |  | 3.34 | 航空发动机+低空经济+AES100订单+军工央企 |  13:54:33 | 1 |
| 建设机械 | SH600984 | 4.59 | 首板涨停 | 12.57亿 |  | 3.70 | 工程机械+煤矿智能开采+一带一路+陕西国资 |  09:50:46 | 1 |
| 千里科技 | SH601777 | 11.39 | 首板涨停 | 45.21亿 |  | 4.47 | 荣耀前CEO赵明加盟+智驾L3+Robotaxi+整车出口 |  11:10:31 | 1 |
| 亚星锚链 | SH601890 | 12.39 | 首板涨停 | 9.59亿 |  | 8.34 | 深远海系泊+锚链+全球最大链条生产企业 |  09:44:16 | 0 |
| ST华鹏 | SH603021 | 6.42 | 首板涨停 | 3.20亿 |  | 0.22 | 日用玻璃+地下管网+跨境电商 |  09:44:01 | 8 |
| 圣晖集成 | SH603163 | 128.99 | 首板涨停 | 1.00亿 |  | 24.43 | 半导体洁净室+东南亚布局+在手订单 |  10:18:16 | 0 |
| *ST松发 | SH603268 | 100.1 | 4天3板 | 1.24亿 |  | 0.92 | VLCC大单+船舶制造+业绩预增 |  13:20:47 | 7 |
| 百达精工 | SH603331 | 19.8 | 首板涨停 | 2.02亿 |  | 8.07 | 银河通用合作+人形机器人+汽车零部件 |  09:46:01 | 0 |
| 风语筑 | SH603466 | 11.68 | 5天3板 | 5.95亿 |  | 2.42 | 字节概念+数字体验+商业航天+人形机器人 |  09:35:31 | 6 |
| 掌阅科技 | SH603533 | 37.62 | 5天5板 | 4.39亿 |  | 11.10 | AI短剧+字节概念+数字阅读 |  09:31:00 | 2 |
| 克来机电 | SH603960 | 27.73 | 首板涨停 | 2.62亿 |  | 2.22 | 机器人+AI应用+汽车电子 |  10:23:31 | 1 |
| 五洲特纸 | SH605007 | 16.43 | 首板涨停 | 4.02亿 |  | 13.98 | 造纸+格拉辛纸投产 |  10:02:16 | 0 |
| 美邦股份 | SH605033 | 28.67 | 3天3板 | 1.35亿 |  | 508.19 | 农药制剂+原药一体化+西部大开发 |  09:30:00 | 0 |
| 罗曼股份 | SH605289 | 89.98 | 首板涨停 | 1.08亿 |  | 1.56 | 算力订单+液冷服务器+风电EPC |  10:52:16 | 1 |

## 跌停池

### 概念统计（按跌停家数）
| 概念 | 跌停家数 |
| --- | --- |
| 融资融券 | 7 |
| 深股通 | 5 |
| 光伏概念 | 5 |
| 储能 | 4 |
| 一带一路 | 4 |
| 光纤概念 | 3 |
| 5G | 3 |
| 华为概念 | 3 |
| 数据中心 | 3 |
| 国企改革 | 2 |
| 短剧游戏 | 2 |
| 西部大开发 | 2 |
| 文化传媒概念 | 2 |
| AI应用 | 2 |
| AI智能体 | 2 |

### 行业统计（按跌停家数）
| 行业 | 跌停家数 |
| --- | --- |
| 通信-通信设备-通信线缆及配套 | 2 |
| 传媒-影视院线-影视院线Ⅲ | 1 |
| 建筑装饰-建筑装饰-专业工程 | 1 |
| 基础化工-化学制品-纺织化学用品 | 1 |
| 机械设备-通用设备-金属制品 | 1 |
| 电力设备-电网设备-线缆部件及其他 | 1 |
| 电力设备-光伏设备-硅料硅片 | 1 |
| 机械设备-自动化设备-工控设备 | 1 |
| 轻工制造-包装印刷-包装 | 1 |
| 建筑装饰-建筑装饰-装饰园林 | 1 |
| 机械设备-专用设备-纺织服装设备 | 1 |

### 跌停股票列表（含行业与概念）
| 股票简称 | 所属同花顺行业 | 所属概念数量 | 所属概念 |
| --- | --- | --- | --- |
| 雅博股份 | 建筑装饰-建筑装饰-专业工程 | 10 | HJT电池;光伏概念;光伏建筑一体化;数字乡村;储能;智慧城市;绿色电力;一带一路;国企改革;融资融券 |
| 欢瑞世纪 | 传媒-影视院线-影视院线Ⅲ | 10 | 短剧游戏;AIGC概念;虚拟数字人;文化传媒概念;AI智能体;IP经济(谷子经济);人工智能;AI应用;西部大开发;深股通 |
| 吉华集团 | 基础化工-化学制品-纺织化学用品 | 8 | 染料;有机硅概念;阿尔茨海默概念;家用电器;仿制药一致性评价;医疗器械概念;创新药;股权转让(并购重组) |
| 巨力索具 | 机械设备-通用设备-金属制品 | 15 | 商业航天;京津冀一体化;海工装备;军工;雄安新区;水利;一带一路;核电;光伏概念;高端装备;风电;抽水蓄能;白酒概念;深股通;融资融券 |
| 杭电股份 | 电力设备-电网设备-线缆部件及其他 | 15 | 特高压;光纤概念;抽水蓄能;智能电网;光伏概念;石墨烯;风电;储能;PET铜箔;锂电池概念;新能源汽车;5G;共同富裕示范区;沪股通;融资融券 |
| 双良节能 | 电力设备-光伏设备-硅料硅片 | 16 | 硅能源;光热发电;光伏概念;超超临界发电;核电;氢能源;储能;高端装备;数据中心;液冷服务器;碳中和;工业互联网;专精特新;DeepSeek概念;融资融券;沪股通 |
| 特发信息 | 通信-通信设备-通信线缆及配套 | 39 | F5G概念;光纤概念;共封装光学(CPO);算力租赁;国资云;深圳国企改革;6G概念;5G;东数西算(算力);数据中心;抖音概念(字节概念);阿里巴巴概念;百度概念;信创;腾讯概念;智慧灯杆;华为概念;卫星导航;成飞概念;军工信息化;智慧城市;无人机;人工智能;军工;低空经济;大飞机;粤港澳大湾区;传感器;创投;特高压;一带一路;高铁;光伏概念;智能电网;物业管理;国企改革;绿色电力;深股通;摘帽 |
| 科瑞技术 | 机械设备-自动化设备-工控设备 | 28 | 新型烟草(电子烟);液冷服务器;共封装光学(CPO);固态电池;苹果概念;宁德时代概念;锂电池概念;比亚迪概念;消费电子概念;芯片概念;2025年报预增;AI眼镜;新型工业化;无线耳机;机器视觉;智能穿戴;人形机器人;华为概念;机器人概念;工业互联网;粤港澳大湾区;虚拟现实;无人机;物联网;低空经济;智能物流;融资融券;深股通 |
| 嘉美包装 | 轻工制造-包装印刷-包装 | 4 | 啤酒概念;海峡两岸;回购增持再贷款概念;股权转让(并购重组) |
| 德才股份 | 建筑装饰-建筑装饰-装饰园林 | 11 | Sora概念(文生视频);AI应用;虚拟现实;AIGC概念;短剧游戏;光伏建筑一体化;文化传媒概念;回购增持再贷款概念;装配式建筑;新型城镇化;乡村振兴 |
| 通鼎互联 | 通信-通信设备-通信线缆及配套 | 13 | 光纤概念;数据中心;数字水印;5G;网络安全;长三角一体化;数据安全;独角兽概念;储能;专精特新;固态电池;深股通;融资融券 |
| 卓郎智能 | 机械设备-专用设备-纺织服装设备 | 10 | 新疆振兴;一带一路;华为概念;DeepSeek概念;AI智能体;西部大开发;新型工业化;机器人概念;人民币贬值受益;融资融券 |

## 操作建议
| 类别 | 数量 | 建议 |
| --- | --- | --- |
| S级标的 | 0 | 重点关注 |
| A级标的 | 0 | 适当参与 |
| 高风险标 | 0 | 谨慎对待 |

### 仓位建议分档
| 情绪分数 | 建议仓位 |
| --- | --- |
| 45.67 | 防守型 |

## 板块资金方向（简明版）

### 板块资金净额榜
| 指数名称 | 指数代码 | 资金净额(亿) | 成交额(亿) | 涨跌幅(%) | 涨停家数 |
| --- | --- | --- | --- | --- | --- |
| 天津自贸区 | 885487.TI | -4.18 | 32.68 | -1.09 | 0 |
| ST板块 | 885699.TI | -6.33 | 123.06 | 0.26 | 14 |
| 智能物流 | 885770.TI | -36.15 | 741.51 | -0.29 | 6 |
| 高端装备 | 885427.TI | -45.67 | 1753.73 | -0.40 | 6 |
| 无人机 | 885564.TI | -53.48 | 2227.02 | -0.08 | 8 |
| 股权转让(并购重组) | 885739.TI | -65.43 | 1507.97 | -0.25 | 6 |
| 军工 | 885700.TI | -98.72 | 3080.59 | -0.30 | 10 |
| 数字经济 | 885976.TI | -154.85 | 2517.24 | -0.75 | 6 |
| 机器人概念 | 885517.TI | -160.02 | 4684.93 | -0.37 | 6 |
| 新能源汽车 | 885431.TI | -186.82 | 4488.63 | -0.35 | 12 |
| 芯片概念 | 885756.TI | -188.94 | 5847.29 | -0.33 | 9 |
| 东数西算(算力) | 885957.TI | -189.50 | 2967.54 | -0.68 | 8 |
| 储能 | 885921.TI | -226.45 | 3686.73 | -1.02 | 8 |
| 一带一路 | 885494.TI | -293.49 | 3330.22 | -1.02 | 8 |
| 人工智能 | 885728.TI | -342.80 | 5053.53 | -0.61 | 12 |
| 华为概念 | 885806.TI | -378.02 | 5670.17 | -0.65 | 10 |
| 国企改革 | 886021.TI | -429.09 | 5680.54 | -0.87 | 11 |
| 深股通 | 885694.TI | -498.11 | 9834.76 | -0.93 | 11 |
| 沪股通 | 885520.TI | -593.53 | 7581.92 | -0.96 | 10 |
| 融资融券 | 885338.TI | -1063.63 | 17343.29 | -0.84 | 15 |

### 板块涨幅榜
| 指数名称 | 指数代码 | 涨跌幅(%) | 成交额(亿) | 资金净额(亿) | 涨停家数 |
| --- | --- | --- | --- | --- | --- |
| ST板块 | 885699.TI | 0.26 | 123.06 | -6.33 | 14 |
| 无人机 | 885564.TI | -0.08 | 2227.02 | -53.48 | 8 |
| 股权转让(并购重组) | 885739.TI | -0.25 | 1507.97 | -65.43 | 6 |
| 智能物流 | 885770.TI | -0.29 | 741.51 | -36.15 | 6 |
| 军工 | 885700.TI | -0.30 | 3080.59 | -98.72 | 10 |
| 芯片概念 | 885756.TI | -0.33 | 5847.29 | -188.94 | 9 |
| 新能源汽车 | 885431.TI | -0.35 | 4488.63 | -186.82 | 12 |
| 机器人概念 | 885517.TI | -0.37 | 4684.93 | -160.02 | 6 |
| 高端装备 | 885427.TI | -0.40 | 1753.73 | -45.67 | 6 |
| 人工智能 | 885728.TI | -0.61 | 5053.53 | -342.80 | 12 |
| 华为概念 | 885806.TI | -0.65 | 5670.17 | -378.02 | 10 |
| 东数西算(算力) | 885957.TI | -0.68 | 2967.54 | -189.50 | 8 |
| 数字经济 | 885976.TI | -0.75 | 2517.24 | -154.85 | 6 |
| 融资融券 | 885338.TI | -0.84 | 17343.29 | -1063.63 | 15 |
| 国企改革 | 886021.TI | -0.87 | 5680.54 | -429.09 | 11 |
| 深股通 | 885694.TI | -0.93 | 9834.76 | -498.11 | 11 |
| 沪股通 | 885520.TI | -0.96 | 7581.92 | -593.53 | 10 |
| 一带一路 | 885494.TI | -1.02 | 3330.22 | -293.49 | 8 |
| 储能 | 885921.TI | -1.02 | 3686.73 | -226.45 | 8 |
| 天津自贸区 | 885487.TI | -1.09 | 32.68 | -4.18 | 0 |

## 持仓分析
无当日持仓记录或未匹配到持仓标的