# 20251125 涨停分析报告
## 市场概况
| 指标 | 数值 |
| --- | --- |
| 涨停家数 | 95 |
| 跌停家数 | 5 |
| 上涨家数 | 4299 |
| 平盘家数 | 145 |
| 下跌家数 | 994 |
| 上证涨跌幅(%) | N/A |
| 深证涨跌幅(%) | N/A |
| 创业板涨跌幅(%) | N/A |
| A股总成交额(亿) | N/A |
| 情绪分数 | N/A |

## 趋势(近7日)
| 日期 | 涨停家数 | 涨停Δ | 情绪分数 | 情绪MA5 | 上证(%) | 上证Δ | 深证(%) | 深证Δ | 创业板(%) | 创业Δ | 上涨家数 | 上涨Δ | 下跌家数 | 下跌Δ | 平盘家数 | 平盘Δ |
| --- | --- | --- | --- | --- | --- | --- | --- | --- | --- | --- | --- | --- | --- | --- | --- | --- |
| 20251124.0 | 79.00 |  |  |  |  |  |  |  |  |  | 4228.00 |  | 1104.00 |  | 108.00 |  |
| 20251125.0 | 95.00 | 16.00 |  |  |  |  |  |  |  |  | 4299.00 | 71.00 | 994.00 | -110.00 | 145.00 | 37.00 |
| 20251126.0 | 76.00 | -19.00 |  |  |  |  |  |  |  |  | 1692.00 | -2607.00 | 3593.00 | 2599.00 | 149.00 | 4.00 |
| 20251127.0 | 63.00 | -13.00 |  |  |  |  |  |  |  |  | 2790.00 | 1098.00 | 2447.00 | -1146.00 | 197.00 | 48.00 |
| 20251128.0 | 81.00 | 18.00 |  |  |  |  |  |  |  |  | 4122.00 | 1332.00 | 1193.00 | -1254.00 | 118.00 | -79.00 |

## 今日龙头 (综合评分前5)
| 股票简称 | 几天几板 | 综合评分 | 评分等级 |
| --- | --- | --- | --- |
| 雷科防务 | 5天4板 | 13.63 | E |
| 襄阳轴承 | 首板涨停 | 12.75 | E |
| 梦天家居 | 8天6板 | 10.21 | E |
| 佛塑科技 | None | 10.11 | E |
| 福建水泥 | 首板涨停 | 10.02 | E |

## 资金龙头 (大单净额前3)
| 股票简称 | 最新dde大单净额 |
| --- | --- |
| 襄阳轴承 | 501331602.00 |
| 雷科防务 | 406097050.00 |
| 福晶科技 | 392210140.00 |

## 概念热点
芯片概念, 比亚迪概念, 福建自贸区, 海峡两岸, 国企改革

### 热点概念股票
| 股票简称 | 热门概念数量 | 所属概念数量 | 几天几板 | 综合评分 | 评分等级 |
| --- | --- | --- | --- | --- | --- |
| 雷科防务 | 2 | 25 | 5天4板 | 13.63 | E |
| 襄阳轴承 | 1 | 7 | 首板涨停 | 12.75 | E |
| 梦天家居 | 1 | 4 | 8天6板 | 10.21 | E |
| 佛塑科技 | 3 | 11 | None | 10.11 | E |
| 福建水泥 | 3 | 7 | 首板涨停 | 10.02 | E |
| 福晶科技 | 3 | 7 | None | 9.91 | E |
| 昇兴股份 | 2 | 6 | None | 8.03 | E |
| 国晟科技 | 1 | 11 | 15天10板 | 7.08 | E |
| 新亚强 | 2 | 4 | 4天2板 | 6.46 | E |

## 连板梯队
| 几天几板 | 数量 | 股票 |
| --- | --- | --- |
| 15天10板 | 1 | 国晟科技 |
| 4天2板 | 1 | 新亚强 |
| 4天3板 | 1 | 海南瑞泽 |
| 4天4板 | 1 | 茂业商业 |
| 5天4板 | 1 | 雷科防务 |
| 5天5板 | 1 | 金富科技 |
| 8天6板 | 1 | 梦天家居 |
| 首板涨停 | 2 | 福建水泥、襄阳轴承 |

## 涨停概念与行业统计

### 概念统计（按涨停家数）
| 概念 | 涨停家数 |
| --- | --- |
| 融资融券 | 6 |
| 深股通 | 4 |
| 海峡两岸 | 3 |
| 比亚迪概念 | 3 |
| 芯片概念 | 3 |
| 锂电池概念 | 3 |
| 国企改革 | 3 |
| 福建自贸区 | 3 |
| 军民融合 | 2 |
| 新型城镇化 | 2 |
| PPP概念 | 2 |
| 水泥概念 | 2 |
| 股权转让(并购重组) | 2 |
| 储能 | 2 |
| 无人驾驶 | 2 |

### 行业统计（按涨停家数）
| 行业 | 涨停家数 |
| --- | --- |
| 建筑材料-建筑材料-水泥 | 2 |
| 轻工制造-包装印刷-包装 | 2 |
| 国防军工-军工电子-军工电子Ⅲ | 1 |
| 轻工制造-家居用品-定制家居 | 1 |
| 商贸零售-零售-百货零售 | 1 |
| 汽车-汽车零部件-底盘与发动机系统 | 1 |
| 电力设备-光伏设备-光伏电池组件 | 1 |
| 基础化工-塑料制品-膜材料 | 1 |
| 电子-光学光电子-光学元件 | 1 |
| 基础化工-化学制品-有机硅 | 1 |

### 涨停股票列表（含行业与概念）
| 股票简称 | 所属同花顺行业 | 所属概念数量 | 所属概念 |
| --- | --- | --- | --- |
| 海南瑞泽 | 建筑材料-建筑材料-水泥 | 14 | 海南自贸区;自由贸易港;特色小镇;旅游概念;新型城镇化;装配式建筑;PPP概念;水泥概念;垃圾分类;雄安新区;固废处理;水利;一带一路;融资融券 |
| 雷科防务 | 国防军工-军工电子-军工电子Ⅲ | 27 | 太赫兹;军工信息化;卫星导航;商业航天;6G概念;军民融合;大飞机;数据要素;无人机;毫米波雷达;军工;人工智能;5G;车联网(车路协同);东数西算(算力);华为概念;DeepSeek概念;芯片概念;养老概念;低空经济;京津冀一体化;无人驾驶;汽车电子;存储芯片;比亚迪概念;深股通;融资融券 |
| 金富科技 | 轻工制造-包装印刷-包装 | 1 | None |
| 梦天家居 | 轻工制造-家居用品-定制家居 | 4 | 智能家居;工业互联网;芯片概念;参股银行 |
| 茂业商业 | 商贸零售-零售-百货零售 | 4 | 信托概念;西部大开发;沪股通;物业管理 |
| 福建水泥 | 建筑材料-建筑材料-水泥 | 8 | 海峡两岸;福建自贸区;水泥概念;参股银行;国企改革;参股券商;核电;融资融券 |
| 襄阳轴承 | 汽车-汽车零部件-底盘与发动机系统 | 8 | 减速器;农机;新能源汽车;军民融合;人民币贬值受益;军工;比亚迪概念;融资融券 |
| 国晟科技 | 电力设备-光伏设备-光伏电池组件 | 11 | 硅能源;HJT电池;TOPCON电池;钙钛矿电池;新型城镇化;PPP概念;固态电池;锂电池概念;虚拟电厂;光伏概念;储能 |
| 佛塑科技 | 基础化工-塑料制品-膜材料 | 14 | 固态电池;锂电池概念;宁德时代概念;特高压;航运概念;比亚迪概念;国企改革;粤港澳大湾区;OLED;证金持股;AI眼镜;融资融券;深股通;股权转让(并购重组) |
| 福晶科技 | 电子-光学光电子-光学元件 | 9 | 光纤概念;虚拟现实;华为概念;无人驾驶;福建自贸区;海峡两岸;深股通;国企改革;融资融券 |
| 新亚强 | 基础化工-化学制品-有机硅 | 4 | 有机硅概念;锂电池概念;芯片概念;股权转让(并购重组) |
| 昇兴股份 | 轻工制造-包装印刷-包装 | 7 | 福建自贸区;海峡两岸;IP经济(谷子经济);储能;抖音概念(字节概念);新能源汽车;深股通 |

## 跌停池

### 概念统计（按跌停家数）
| 概念 | 跌停家数 |
| --- | --- |
| 预制菜 | 2 |
| 人民币贬值受益 | 2 |
| 国企改革 | 2 |
| 乡村振兴 | 2 |
| 参股保险 | 1 |
| 中字头股票 | 1 |
| 央企国企改革 | 1 |
| NFT概念 | 1 |
| 跨境电商 | 1 |
| 牙科医疗 | 1 |
| 人工智能 | 1 |
| 参股银行 | 1 |
| 柔性直流输电 | 1 |
| 特高压 | 1 |
| 华为概念 | 1 |

### 行业统计（按跌停家数）
| 行业 | 跌停家数 |
| --- | --- |
| 农林牧渔-养殖业-海洋捕捞 | 1 |
| 轻工制造-家居用品-其他家居用品 | 1 |
| 农林牧渔-养殖业-生猪养殖 | 1 |
| 农林牧渔-养殖业-水产养殖 | 1 |

### 跌停股票列表（含行业与概念）
| 股票简称 | 所属同花顺行业 | 所属概念数量 | 所属概念 |
| --- | --- | --- | --- |
| 中水渔业 | 农林牧渔-养殖业-海洋捕捞 | 6 | 预制菜;央企国企改革;参股保险;人工智能;国企改革;中字头股票 |
| 华瓷股份 | 轻工制造-家居用品-其他家居用品 | 10 | NFT概念;跨境电商;牙科医疗;参股银行;人民币贬值受益;柔性直流输电;华为概念;特高压;智能穿戴;消费电子概念 |
| 京基智农 | 农林牧渔-养殖业-生猪养殖 | 9 | 养鸡;猪肉;乡村振兴;文化传媒概念;物业管理;IP经济(谷子经济);粤港澳大湾区;融资融券;深股通 |
| 獐子岛 | 农林牧渔-养殖业-水产养殖 | 6 | 预制菜;乡村振兴;国企改革;冷链物流;碳中和;人民币贬值受益 |

## 操作建议
| 类别 | 数量 | 建议 |
| --- | --- | --- |
| S级标的 | 0 | 重点关注 |
| A级标的 | 0 | 适当参与 |
| 高风险标 | 2 | 谨慎对待 |

## 板块资金方向（简明版）

### 板块资金净额榜
| 指数名称 | 指数代码 | 资金净额(亿) | 成交额(亿) | 涨跌幅(%) | 涨停家数 |
| --- | --- | --- | --- | --- | --- |
| 融资融券 | 885338.TI | 192.53 | 13160.19 | 1.04 | 36 |
| 深股通 | 885694.TI | 138.67 | 7119.38 | 1.09 | 19 |
| 芯片概念 | 885756.TI | 87.34 | 4588.51 | 1.29 | 23 |
| 新能源汽车 | 885431.TI | 84.71 | 3775.47 | 1.29 | 17 |
| 华为概念 | 885806.TI | 81.75 | 4208.68 | 1.23 | 22 |
| 粤港澳大湾区 | 885521.TI | 45.06 | 1713.70 | 1.06 | 15 |
| 锂电池概念 | 885710.TI | 43.73 | 2673.01 | 1.66 | 11 |
| 海峡两岸 | 885939.TI | 30.38 | 1563.72 | 2.06 | 15 |
| 固态电池 | 886032.TI | 25.62 | 1511.14 | 1.65 | 10 |
| 沪股通 | 885520.TI | 22.14 | 5401.63 | 0.94 | 16 |
| 数字经济 | 885976.TI | 8.99 | 1791.36 | 0.98 | 14 |
| ST板块 | 885699.TI | 7.57 | 102.90 | 0.87 | 18 |
| 西部大开发 | 886086.TI | 6.60 | 1893.75 | 1.28 | 15 |
| 福建自贸区 | 885617.TI | 4.42 | 847.08 | 2.21 | 12 |
| 钛白粉概念 | 885652.TI | 2.64 | 47.56 | 4.31 | 0 |
| 赛马概念 | 885792.TI | -0.16 | 33.64 | -0.03 | 1 |
| 人工智能 | 885728.TI | -1.16 | 3737.18 | 1.01 | 22 |
| 无人机 | 885564.TI | -12.17 | 1803.65 | 1.48 | 10 |
| 国企改革 | 886021.TI | -29.62 | 4092.47 | 1.17 | 22 |
| 军工 | 885700.TI | -42.74 | 2155.87 | 1.83 | 11 |

### 板块涨幅榜
| 指数名称 | 指数代码 | 涨跌幅(%) | 成交额(亿) | 资金净额(亿) | 涨停家数 |
| --- | --- | --- | --- | --- | --- |
| 钛白粉概念 | 885652.TI | 4.31 | 47.56 | 2.64 | 0 |
| 福建自贸区 | 885617.TI | 2.21 | 847.08 | 4.42 | 12 |
| 海峡两岸 | 885939.TI | 2.06 | 1563.72 | 30.38 | 15 |
| 军工 | 885700.TI | 1.83 | 2155.87 | -42.74 | 11 |
| 锂电池概念 | 885710.TI | 1.66 | 2673.01 | 43.73 | 11 |
| 固态电池 | 886032.TI | 1.65 | 1511.14 | 25.62 | 10 |
| 无人机 | 885564.TI | 1.48 | 1803.65 | -12.17 | 10 |
| 芯片概念 | 885756.TI | 1.29 | 4588.51 | 87.34 | 23 |
| 新能源汽车 | 885431.TI | 1.29 | 3775.47 | 84.71 | 17 |
| 西部大开发 | 886086.TI | 1.28 | 1893.75 | 6.60 | 15 |
| 华为概念 | 885806.TI | 1.23 | 4208.68 | 81.75 | 22 |
| 国企改革 | 886021.TI | 1.17 | 4092.47 | -29.62 | 22 |
| 深股通 | 885694.TI | 1.09 | 7119.38 | 138.67 | 19 |
| 粤港澳大湾区 | 885521.TI | 1.06 | 1713.70 | 45.06 | 15 |
| 融资融券 | 885338.TI | 1.04 | 13160.19 | 192.53 | 36 |
| 人工智能 | 885728.TI | 1.01 | 3737.18 | -1.16 | 22 |
| 数字经济 | 885976.TI | 0.98 | 1791.36 | 8.99 | 14 |
| 沪股通 | 885520.TI | 0.94 | 5401.63 | 22.14 | 16 |
| ST板块 | 885699.TI | 0.87 | 102.90 | 7.57 | 18 |
| 赛马概念 | 885792.TI | -0.03 | 33.64 | -0.16 | 1 |

## 持仓分析
无当日持仓记录或未匹配到持仓标的