# 20251126 涨停分析报告
## 市场概况
| 指标 | 数值 |
| --- | --- |
| 涨停家数 | 76 |
| 跌停家数 | 6 |
| 上涨家数 | 1692 |
| 平盘家数 | 149 |
| 下跌家数 | 3593 |
| 上证涨跌幅(%) | N/A |
| 深证涨跌幅(%) | N/A |
| 创业板涨跌幅(%) | N/A |
| A股总成交额(亿) | N/A |
| 情绪分数 | N/A |

## 趋势(近7日)
| 日期 | 涨停家数 | 涨停Δ | 情绪分数 | 情绪MA5 | 上证(%) | 上证Δ | 深证(%) | 深证Δ | 创业板(%) | 创业Δ | 上涨家数 | 上涨Δ | 下跌家数 | 下跌Δ | 平盘家数 | 平盘Δ |
| --- | --- | --- | --- | --- | --- | --- | --- | --- | --- | --- | --- | --- | --- | --- | --- | --- |
| 20251126.0 | 76.00 |  |  |  |  |  |  |  |  |  | 1692.00 |  | 3593.00 |  | 149.00 |  |
| 20251127.0 | 63.00 | -13.00 |  |  | 0.29 |  | -0.25 |  | -0.44 |  | 2790.00 | 1098.00 | 2447.00 | -1146.00 | 197.00 | 48.00 |
| 20251128.0 | 81.00 | 18.00 |  |  | 0.34 | 0.06 | 0.85 | 1.10 | 0.70 | 1.14 | 4122.00 | 1332.00 | 1193.00 | -1254.00 | 118.00 | -79.00 |

## 今日龙头 (综合评分前5)
| 股票简称 | 几天几板 | 综合评分 | 评分等级 |
| --- | --- | --- | --- |
| 雷科防务 | 6天5板 | 16.18 | E |
| 博通集成 | 首板涨停 | 14.51 | E |
| 万通发展 | 4天3板 | 12.02 | E |
| 金富科技 | 6天6板 | 10.59 | E |
| 海欣食品 | 4天4板 | 9.40 | E |

## 资金龙头 (大单净额前3)
| 股票简称 | 最新dde大单净额 |
| --- | --- |
| 万通发展 | 307752780.00 |
| 博通集成 | 214696320.00 |
| 实达集团 | 195462770.00 |

## 概念热点
芯片概念, 智慧城市, 小金属概念, 无人机, 毫米波雷达

### 热点概念股票
| 股票简称 | 热门概念数量 | 所属概念数量 | 几天几板 | 综合评分 | 评分等级 |
| --- | --- | --- | --- | --- | --- |
| 雷科防务 | 7 | 25 | 6天5板 | 16.18 | E |
| 博通集成 | 7 | 27 | 首板涨停 | 14.51 | E |
| 万通发展 | 3 | 9 | 4天3板 | 12.02 | E |
| 茂业商业 | 1 | 3 | 5天4板 | 8.57 | E |
| 梅雁吉祥 | 3 | 13 | 4天3板 | 8.42 | E |
| 实达集团 | 5 | 28 | 8天6板 | 8.27 | E |
| 新金路 | 3 | 6 | 5天3板 | 6.85 | E |
| 罗平锌电 | 2 | 8 | 5天3板 | 5.89 | E |

## 连板梯队
| 几天几板 | 数量 | 股票 |
| --- | --- | --- |
| 4天3板 | 2 | 万通发展、梅雁吉祥 |
| 4天4板 | 1 | 海欣食品 |
| 5天3板 | 3 | 新金路、海南瑞泽、罗平锌电 |
| 5天4板 | 1 | 茂业商业 |
| 6天5板 | 1 | 雷科防务 |
| 6天6板 | 1 | 金富科技 |
| 8天6板 | 1 | 实达集团 |
| 首板涨停 | 1 | 博通集成 |

## 涨停概念与行业统计

### 概念统计（按涨停家数）
| 概念 | 涨停家数 |
| --- | --- |
| 沪股通 | 5 |
| 融资融券 | 4 |
| 芯片概念 | 4 |
| 无人机 | 3 |
| 人工智能 | 3 |
| 小金属概念 | 3 |
| 智慧城市 | 3 |
| 卫星导航 | 3 |
| 毫米波雷达 | 3 |
| 数据要素 | 3 |
| 华为概念 | 3 |
| 西部大开发 | 3 |
| 新型城镇化 | 2 |
| 水泥概念 | 2 |
| 职业教育 | 2 |

### 行业统计（按涨停家数）
| 行业 | 涨停家数 |
| --- | --- |
| 公用事业-电力-水电 | 1 |
| 国防军工-军工电子-军工电子Ⅲ | 1 |
| 计算机-IT服务-IT服务Ⅲ | 1 |
| 电子-半导体-模拟芯片设计 | 1 |
| 有色金属-工业金属-铅锌 | 1 |
| 轻工制造-包装印刷-包装 | 1 |
| 房地产-房地产-住宅开发 | 1 |
| 食品饮料-食品加工制造-预加工食品 | 1 |
| 建筑材料-建筑材料-水泥 | 1 |
| 商贸零售-零售-百货零售 | 1 |
| 基础化工-化学原料-氯碱 | 1 |

### 涨停股票列表（含行业与概念）
| 股票简称 | 所属同花顺行业 | 所属概念数量 | 所属概念 |
| --- | --- | --- | --- |
| 梅雁吉祥 | 公用事业-电力-水电 | 15 | 水泥概念;新型城镇化;绿色电力;氢能源;水利;小金属概念;回购增持再贷款概念;职业教育;时空大数据;粤港澳大湾区;储能;智慧城市;数据要素;融资融券;沪股通 |
| 雷科防务 | 国防军工-军工电子-军工电子Ⅲ | 27 | 太赫兹;军工信息化;卫星导航;商业航天;6G概念;军民融合;大飞机;数据要素;无人机;毫米波雷达;军工;人工智能;5G;车联网(车路协同);东数西算(算力);华为概念;DeepSeek概念;芯片概念;养老概念;低空经济;京津冀一体化;无人驾驶;汽车电子;存储芯片;比亚迪概念;深股通;融资融券 |
| 实达集团 | 计算机-IT服务-IT服务Ⅲ | 29 | 福建自贸区;国资云;智慧政务;海峡两岸;职业教育;数据要素;AI智能体;华为鲲鹏;阿里巴巴概念;数字经济;区块链;算力租赁;云计算;数据安全;智慧城市;安防;DeepSeek概念;人工智能;国产操作系统;创投;华为概念;东数西算(算力);物联网;无人机;国企改革;虚拟电厂;机器人概念;人形机器人;沪股通 |
| 博通集成 | 电子-半导体-模拟芯片设计 | 28 | 汽车芯片;MCU芯片;智能音箱;WiFi 6;星闪概念;AI眼镜;无线耳机;芯片概念;毫米波雷达;智能穿戴;消费电子概念;小米概念;卫星导航;传感器;华为概念;上海自贸区;阿里巴巴概念;无人驾驶;抖音概念(字节概念);鸿蒙概念;物联网;无人机;人工智能;低空经济;智能家居;智慧城市;ETC;沪股通 |
| 罗平锌电 | 有色金属-工业金属-铅锌 | 8 | 金属锌;金属铅;金属铜;小金属概念;西部大开发;乡村振兴;绿色电力;粮食概念 |
| 金富科技 | 轻工制造-包装印刷-包装 | 1 | None |
| 万通发展 | 房地产-房地产-住宅开发 | 11 | 创投;存储芯片;芯片概念;5G;毫米波雷达;卫星导航;物业管理;京津冀一体化;数字经济;沪股通;融资融券 |
| 海欣食品 | 食品饮料-食品加工制造-预加工食品 | 4 | 预制菜;人造肉;海峡两岸;福建自贸区 |
| 海南瑞泽 | 建筑材料-建筑材料-水泥 | 14 | 海南自贸区;自由贸易港;特色小镇;旅游概念;新型城镇化;装配式建筑;PPP概念;水泥概念;垃圾分类;雄安新区;固废处理;水利;一带一路;融资融券 |
| 茂业商业 | 商贸零售-零售-百货零售 | 4 | 信托概念;西部大开发;沪股通;物业管理 |
| 新金路 | 基础化工-化学原料-氯碱 | 6 | 金属铜;小金属概念;石墨烯;化债概念(AMC概念);西部大开发;芯片概念 |

## 跌停池

### 概念统计（按跌停家数）
| 概念 | 跌停家数 |
| --- | --- |
| 人工智能 | 2 |
| 融资融券 | 2 |
| 国企改革 | 2 |
| 云办公 | 1 |
| Web3.0 | 1 |
| 在线教育 | 1 |
| 智慧政务 | 1 |
| 华为鲲鹏 | 1 |
| 军工信息化 | 1 |
| 区块链 | 1 |
| 数据要素 | 1 |
| 信创 | 1 |
| 数据安全 | 1 |
| 核污染防治 | 1 |
| 数字经济 | 1 |

### 行业统计（按跌停家数）
| 行业 | 跌停家数 |
| --- | --- |
| 计算机-IT服务-IT服务Ⅲ | 1 |
| 农林牧渔-农产品加工-粮油加工 | 1 |
| 农林牧渔-养殖业-海洋捕捞 | 1 |

### 跌停股票列表（含行业与概念）
| 股票简称 | 所属同花顺行业 | 所属概念数量 | 所属概念 |
| --- | --- | --- | --- |
| 榕基软件 | 计算机-IT服务-IT服务Ⅲ | 27 | Web3.0;云办公;华为鲲鹏;智慧政务;在线教育;军工信息化;数据安全;信创;网络安全;区块链;数据要素;鸿蒙概念;核污染防治;数字经济;安防;虚拟现实;福建自贸区;智慧城市;人工智能;海峡两岸;华为概念;军工;物联网;电力物联网;物业管理;智能电网;融资融券 |
| 京粮控股 | 农林牧渔-农产品加工-粮油加工 | 7 | 粮食概念;海南自贸区;网红经济;国企改革;京津冀一体化;一带一路;融资融券 |
| 中水渔业 | 农林牧渔-养殖业-海洋捕捞 | 6 | 预制菜;央企国企改革;参股保险;人工智能;国企改革;中字头股票 |

## 操作建议
| 类别 | 数量 | 建议 |
| --- | --- | --- |
| S级标的 | 0 | 重点关注 |
| A级标的 | 0 | 适当参与 |
| 高风险标 | 2 | 谨慎对待 |

## 板块资金方向（简明版）

### 板块资金净额榜
| 指数名称 | 指数代码 | 资金净额(亿) | 成交额(亿) | 涨跌幅(%) | 涨停家数 |
| --- | --- | --- | --- | --- | --- |
| 芯片概念 | 885756.TI | 89.69 | 3819.31 | 0.68 | 12 |
| 粤港澳大湾区 | 885521.TI | -0.97 | 1373.90 | 0.89 | 11 |
| 汽车拆解概念 | 885902.TI | -3.23 | 65.60 | 0.91 | 0 |
| 黄金概念 | 885530.TI | -4.47 | 562.74 | 1.87 | 1 |
| 金属铜 | 885973.TI | -8.40 | 639.41 | 1.98 | 2 |
| 金属锌 | 885970.TI | -8.58 | 335.40 | 3.09 | 1 |
| 金属铅 | 885971.TI | -8.70 | 343.40 | 3.01 | 1 |
| 医疗器械概念 | 885539.TI | -28.82 | 727.87 | 0.69 | 13 |
| 储能 | 885921.TI | -47.20 | 2354.43 | 0.68 | 10 |
| 阿里巴巴概念 | 885611.TI | -60.40 | 1351.80 | 0.34 | 12 |
| 西部大开发 | 886086.TI | -67.25 | 1584.93 | 0.67 | 11 |
| 一带一路 | 885494.TI | -86.39 | 1872.20 | 0.66 | 10 |
| 商业航天 | 886078.TI | -86.73 | 1248.47 | 1.68 | 7 |
| 深股通 | 885694.TI | -96.36 | 5959.07 | 0.74 | 17 |
| 数字经济 | 885976.TI | -98.73 | 1400.73 | 0.51 | 12 |
| 华为概念 | 885806.TI | -108.81 | 3350.40 | 0.65 | 15 |
| 沪股通 | 885520.TI | -125.40 | 4660.22 | 0.44 | 18 |
| 人工智能 | 885728.TI | -184.15 | 3071.51 | 0.62 | 19 |
| 融资融券 | 885338.TI | -228.75 | 11064.47 | 0.65 | 34 |
| 国企改革 | 886021.TI | -238.51 | 3525.43 | 0.55 | 14 |

### 板块涨幅榜
| 指数名称 | 指数代码 | 涨跌幅(%) | 成交额(亿) | 资金净额(亿) | 涨停家数 |
| --- | --- | --- | --- | --- | --- |
| 金属锌 | 885970.TI | 3.09 | 335.40 | -8.58 | 1 |
| 金属铅 | 885971.TI | 3.01 | 343.40 | -8.70 | 1 |
| 金属铜 | 885973.TI | 1.98 | 639.41 | -8.40 | 2 |
| 黄金概念 | 885530.TI | 1.87 | 562.74 | -4.47 | 1 |
| 商业航天 | 886078.TI | 1.68 | 1248.47 | -86.73 | 7 |
| 汽车拆解概念 | 885902.TI | 0.91 | 65.60 | -3.23 | 0 |
| 粤港澳大湾区 | 885521.TI | 0.89 | 1373.90 | -0.97 | 11 |
| 深股通 | 885694.TI | 0.74 | 5959.07 | -96.36 | 17 |
| 医疗器械概念 | 885539.TI | 0.69 | 727.87 | -28.82 | 13 |
| 芯片概念 | 885756.TI | 0.68 | 3819.31 | 89.69 | 12 |
| 储能 | 885921.TI | 0.68 | 2354.43 | -47.20 | 10 |
| 西部大开发 | 886086.TI | 0.67 | 1584.93 | -67.25 | 11 |
| 一带一路 | 885494.TI | 0.66 | 1872.20 | -86.39 | 10 |
| 融资融券 | 885338.TI | 0.65 | 11064.47 | -228.75 | 34 |
| 华为概念 | 885806.TI | 0.65 | 3350.40 | -108.81 | 15 |
| 人工智能 | 885728.TI | 0.62 | 3071.51 | -184.15 | 19 |
| 国企改革 | 886021.TI | 0.55 | 3525.43 | -238.51 | 14 |
| 数字经济 | 885976.TI | 0.51 | 1400.73 | -98.73 | 12 |
| 沪股通 | 885520.TI | 0.44 | 4660.22 | -125.40 | 18 |
| 阿里巴巴概念 | 885611.TI | 0.34 | 1351.80 | -60.40 | 12 |

## 持仓分析
无当日持仓记录或未匹配到持仓标的