# 20251128 涨停分析报告
## 市场概况
| 指标 | 数值 |
| --- | --- |
| 涨停家数 | 81 |
| 跌停家数 | 6 |
| 上涨家数 | 4122 |
| 平盘家数 | 118 |
| 下跌家数 | 1193 |
| 上证涨跌幅(%) | 0.34 |
| 深证涨跌幅(%) | 0.85 |
| 创业板涨跌幅(%) | 0.70 |
| A股总成交额(亿) | 15977.31 |
| 情绪分数 | 81.72 |

## 趋势(近7日)
| 日期 | 涨停家数 | 涨停Δ | 情绪分数 | 情绪MA5 | 上证(%) | 上证Δ | 深证(%) | 深证Δ | 创业板(%) | 创业Δ | 上涨家数 | 上涨Δ | 下跌家数 | 下跌Δ | 平盘家数 | 平盘Δ |
| --- | --- | --- | --- | --- | --- | --- | --- | --- | --- | --- | --- | --- | --- | --- | --- | --- |
| 20251125.0 | 95.00 |  |  |  | 0.87 |  | 1.53 |  | 1.77 |  | 4299.00 |  | 994.00 |  | 145.00 |  |
| 20251126.0 | 76.00 | -19.00 |  |  | -0.15 | -1.02 | 1.02 | -0.51 | 2.14 | 0.37 | 1692.00 | -2607.00 | 3593.00 | 2599.00 | 149.00 | 4.00 |
| 20251127.0 | 63.00 | -13.00 |  |  | 0.29 | 0.44 | -0.25 | -1.27 | -0.44 | -2.58 | 2790.00 | 1098.00 | 2447.00 | -1146.00 | 197.00 | 48.00 |
| 20251128.0 | 81.00 | 18.00 |  |  | 0.34 | 0.06 | 0.85 | 1.10 | 0.70 | 1.14 | 4122.00 | 1332.00 | 1193.00 | -1254.00 | 118.00 | -79.00 |
| 20251201.0 | 75.00 | -6.00 |  |  | 0.65 | 0.31 | 1.25 | 0.41 | 1.31 | 0.60 | 3398.00 | -724.00 | 1872.00 | 679.00 | 162.00 | 44.00 |

## 今日龙头 (综合评分前5)
| 股票简称 | 几天几板 | 综合评分 | 评分等级 |
| --- | --- | --- | --- |
| 睿能科技 | 4天4板 | 15.49 | E |
| 雷科防务 | 7天6板 | 14.41 | E |
| 航天发展 | 13天9板 | 14.28 | E |
| 平潭发展 | 3天2板 | 13.94 | E |
| 瑞玛精密 | 3天3板 | 13.45 | E |

## 资金龙头 (大单净额前3)
| 股票简称 | 最新dde大单净额 |
| --- | --- |
| 平潭发展 | 757120910.00 |
| 航天发展 | 307566560.00 |
| 茂业商业 | 266522514.00 |

## 概念热点
华为概念, 汽车电子, 国企改革, 一带一路, 福建自贸区

### 热点概念股票
| 股票简称 | 热门概念数量 | 所属概念数量 | 几天几板 | 综合评分 | 评分等级 |
| --- | --- | --- | --- | --- | --- |
| 睿能科技 | 7 | 16 | 4天4板 | 15.49 | E |
| 雷科防务 | 11 | 25 | 7天6板 | 14.41 | E |
| 航天发展 | 13 | 32 | 13天9板 | 14.28 | E |
| 平潭发展 | 3 | 7 | 3天2板 | 13.94 | E |
| 瑞玛精密 | 4 | 14 | 3天3板 | 13.45 | E |
| 海欣食品 | 2 | 4 | 5天5板 | 13.30 | E |
| 苏豪汇鸿 | 5 | 19 | 3天3板 | 12.93 | E |
| 世联行 | 3 | 12 | 3天2板 | 12.54 | E |
| 芯瑞达 | 4 | 10 | 3天2板 | 11.80 | E |
| 航天机电 | 4 | 12 | None | 11.78 | E |
| 茂业商业 | 1 | 3 | 6天5板 | 8.49 | E |
| 道明光学 | 3 | 14 | 4天4板 | 8.35 | E |
| 通宇通讯 | 9 | 20 | 4天4板 | 8.32 | E |
| 梦天家居 | 2 | 4 | 10天7板 | 8.28 | E |
| 顺灏股份 | 2 | 8 | 3天3板 | 6.14 | E |

## 连板梯队
| 几天几板 | 数量 | 股票 |
| --- | --- | --- |
| 10天7板 | 1 | 梦天家居 |
| 13天9板 | 1 | 航天发展 |
| 3天2板 | 3 | 世联行、平潭发展、芯瑞达 |
| 3天3板 | 3 | 瑞玛精密、苏豪汇鸿、顺灏股份 |
| 4天4板 | 3 | 睿能科技、通宇通讯、道明光学 |
| 5天5板 | 2 | 海欣食品、海王生物 |
| 6天5板 | 1 | 茂业商业 |
| 7天6板 | 1 | 雷科防务 |
| 7天7板 | 1 | 金富科技 |

## 涨停概念与行业统计

### 概念统计（按涨停家数）
| 概念 | 涨停家数 |
| --- | --- |
| 融资融券 | 8 |
| 深股通 | 7 |
| 华为概念 | 6 |
| 汽车电子 | 5 |
| 商业航天 | 4 |
| 海峡两岸 | 4 |
| 福建自贸区 | 4 |
| 一带一路 | 4 |
| 国企改革 | 4 |
| 5G | 4 |
| 芯片概念 | 4 |
| 消费电子概念 | 4 |
| 无人机 | 3 |
| 沪股通 | 3 |
| 中俄贸易概念 | 3 |

### 行业统计（按涨停家数）
| 行业 | 涨停家数 |
| --- | --- |
| 国防军工-军工电子-军工电子Ⅲ | 2 |
| 轻工制造-包装印刷-包装 | 2 |
| 食品饮料-食品加工制造-预加工食品 | 1 |
| 商贸零售-贸易-贸易Ⅲ | 1 |
| 农林牧渔-种植业与林业-林业 | 1 |
| 通信-通信设备-通信网络设备及器件 | 1 |
| 基础化工-塑料制品-膜材料 | 1 |
| 汽车-汽车零部件-其他汽车零部件 | 1 |
| 轻工制造-家居用品-定制家居 | 1 |
| 电子-其他电子-其他电子Ⅲ | 1 |
| 商贸零售-零售-百货零售 | 1 |
| 医药生物-医药商业-医药流通 | 1 |
| 房地产-房地产-房地产服务 | 1 |
| 电力设备-光伏设备-光伏电池组件 | 1 |
| 电子-光学光电子-LED | 1 |

### 涨停股票列表（含行业与概念）
| 股票简称 | 所属同花顺行业 | 所属概念数量 | 所属概念 |
| --- | --- | --- | --- |
| 海欣食品 | 食品饮料-食品加工制造-预加工食品 | 4 | 人造肉;预制菜;海峡两岸;福建自贸区 |
| 苏豪汇鸿 | 商贸零售-贸易-贸易Ⅲ | 20 | 物业管理;乡村振兴;垃圾分类;统一大市场;中俄贸易概念;冷链物流;预制菜;跨境电商;三胎概念;国企改革;创投;参股券商;一带一路;绿色电力;海工装备;参股保险;医疗器械概念;蚂蚁集团概念;期货概念;沪股通 |
| 航天发展 | 国防军工-军工电子-军工电子Ⅲ | 34 | 军工信息化;军民融合;海峡两岸;福建自贸区;商业航天;华为鲲鹏;智慧政务;华为欧拉;网络安全;卫星导航;军工;数据安全;信创;安防;多模态AI;无人机;数字经济;元宇宙;低空经济;人工智能;MR(混合现实);虚拟现实;乡村振兴;东数西算(算力);DeepSeek概念;海工装备;华为概念;央企国企改革;5G;国企改革;芯片概念;风电;深股通;融资融券 |
| 平潭发展 | 农林牧渔-种植业与林业-林业 | 9 | 海峡两岸;福建自贸区;化肥;旅游概念;乡村振兴;民营医院;合成生物;深股通;融资融券 |
| 通宇通讯 | 通信-通信设备-通信网络设备及器件 | 22 | 6G概念;铜缆高速连接;F5G概念;卫星导航;商业航天;WiFi 6;共封装光学(CPO);5G;毫米波雷达;消费电子概念;汽车电子;华为概念;低空经济;虚拟电厂;无人驾驶;换电概念;储能;一带一路;中俄贸易概念;华为汽车;深股通;融资融券 |
| 道明光学 | 基础化工-塑料制品-膜材料 | 15 | 石墨烯;固态电池;锂电池概念;消费电子概念;AI手机;新能源汽车;光伏概念;安防;液冷服务器;中俄贸易概念;华为概念;虚拟现实;共同富裕示范区;元宇宙;深股通 |
| 金富科技 | 轻工制造-包装印刷-包装 | 1 | None |
| 瑞玛精密 | 汽车-汽车零部件-其他汽车零部件 | 14 | 长安汽车概念;车联网(车路协同);汽车电子;无人驾驶;比亚迪概念;新能源汽车;飞行汽车(eVTOL);智能座舱;一带一路;特斯拉概念;5G;2025中报预增;富士康概念;锂电池概念 |
| 梦天家居 | 轻工制造-家居用品-定制家居 | 4 | 芯片概念;智能家居;工业互联网;参股银行 |
| 睿能科技 | 电子-其他电子-其他电子Ⅲ | 16 | 海峡两岸;智能家居;福建自贸区;物联网;消费电子概念;新型工业化;数字经济;汽车电子;存储芯片;机器人概念;无人机;工业母机;工业互联网;MCU芯片;人形机器人;芯片概念 |
| 顺灏股份 | 轻工制造-包装印刷-包装 | 9 | 商业航天;土壤修复;一带一路;生态农业;回购增持再贷款概念;工业大麻;跨境电商;新型烟草(电子烟);融资融券 |
| 雷科防务 | 国防军工-军工电子-军工电子Ⅲ | 27 | 太赫兹;军工信息化;商业航天;卫星导航;6G概念;军民融合;数据要素;大飞机;军工;车联网(车路协同);无人机;人工智能;DeepSeek概念;京津冀一体化;东数西算(算力);华为概念;低空经济;毫米波雷达;无人驾驶;5G;养老概念;芯片概念;汽车电子;存储芯片;比亚迪概念;深股通;融资融券 |
| 茂业商业 | 商贸零售-零售-百货零售 | 4 | 物业管理;信托概念;西部大开发;沪股通 |
| 海王生物 | 医药生物-医药商业-医药流通 | 9 | 仿制药一致性评价;流感;冷链物流;创新药;维生素;医疗器械概念;粤港澳大湾区;深股通;融资融券 |
| 世联行 | 房地产-房地产-房地产服务 | 14 | 租售同权;特色小镇;化债概念(AMC概念);物业管理;新型城镇化;横琴新区;互联网金融;养老概念;国企改革;云计算;粤港澳大湾区;华为概念;深股通;融资融券 |
| 航天机电 | 电力设备-光伏设备-光伏电池组件 | 14 | 军民融合;军工;新能源汽车;比亚迪概念;光伏概念;国企改革;绿色电力;人民币贬值受益;汽车热管理;央企国企改革;TOPCON电池;上海自贸区;融资融券;沪股通 |
| 芯瑞达 | 电子-光学光电子-LED | 10 | MicroLED概念;MiniLED;消费电子概念;汽车电子;华为概念;智能家居;小米概念;汽车芯片;专精特新;AI眼镜 |

## 跌停池

### 概念统计（按跌停家数）
| 概念 | 跌停家数 |
| --- | --- |
| 仿制药一致性评价 | 2 |
| 流感 | 2 |
| 肝炎概念 | 2 |
| 维生素 | 2 |
| 数字经济 | 2 |
| 赛马概念 | 1 |
| 快手概念 | 1 |
| 小红书概念 | 1 |
| 网红经济 | 1 |
| AIGC概念 | 1 |
| 抖音概念(字节概念) | 1 |
| 虚拟数字人 | 1 |
| 拼多多概念 | 1 |
| 体育产业 | 1 |
| 数据要素 | 1 |

### 行业统计（按跌停家数）
| 行业 | 跌停家数 |
| --- | --- |
| 传媒-文化传媒-广告营销 | 1 |
| 医药生物-中药-中药Ⅲ | 1 |
| 医药生物-化学制药-原料药 | 1 |

### 跌停股票列表（含行业与概念）
| 股票简称 | 所属同花顺行业 | 所属概念数量 | 所属概念 |
| --- | --- | --- | --- |
| 新华都 | 传媒-文化传媒-广告营销 | 18 | 赛马概念;小红书概念;快手概念;拼多多概念;虚拟数字人;抖音概念(字节概念);AIGC概念;网红经济;阿里巴巴概念;AI智能体;数据要素;体育产业;数字经济;福建自贸区;跨境电商;海峡两岸;人工智能;DeepSeek概念 |
| 众生药业 | 医药生物-中药-中药Ⅲ | 21 | 禽流感;仿制药一致性评价;流感;肝炎概念;猴痘概念;幽门螺杆菌概念;创新药;眼科医疗;辅助生殖;NMN概念;医药电商;维生素;减肥药;医疗器械概念;养老概念;粤港澳大湾区;数字经济;2025中报预增;深股通;融资融券;智能医疗 |
| 广济药业 | 医药生物-化学制药-原料药 | 6 | 流感;维生素;仿制药一致性评价;肝炎概念;合成生物;国企改革 |

## 操作建议
| 类别 | 数量 | 建议 |
| --- | --- | --- |
| S级标的 | 0 | 重点关注 |
| A级标的 | 0 | 适当参与 |
| 高风险标 | 5 | 谨慎对待 |

### 仓位建议分档
| 情绪分数 | 建议仓位 |
| --- | --- |
| 81.72 | 进攻型 |

## 板块资金方向（简明版）

### 板块资金净额榜
| 指数名称 | 指数代码 | 资金净额(亿) | 成交额(亿) | 涨跌幅(%) | 涨停家数 |
| --- | --- | --- | --- | --- | --- |
| 融资融券 | 885338.TI | 157.65 | 13039.62 | -0.56 | 33 |
| 深股通 | 885694.TI | 136.18 | 7302.70 | -0.57 | 16 |
| 国企改革 | 886021.TI | 92.14 | 4089.07 | -0.25 | 23 |
| 机器人概念 | 885517.TI | 87.75 | 4124.63 | -0.61 | 10 |
| 军工 | 885700.TI | 73.71 | 2253.97 | -0.13 | 13 |
| 新能源汽车 | 885431.TI | 68.09 | 3795.62 | -0.54 | 13 |
| 无人机 | 885564.TI | 62.88 | 2143.19 | -0.11 | 6 |
| 华为概念 | 885806.TI | 46.95 | 4283.93 | -0.59 | 17 |
| 海峡两岸 | 885939.TI | 45.66 | 1954.06 | 0.58 | 11 |
| 一带一路 | 885494.TI | 36.85 | 2236.24 | -0.32 | 12 |
| 商业航天 | 886078.TI | 32.65 | 1753.49 | 0.29 | 10 |
| 消费电子概念 | 885800.TI | 32.02 | 2337.84 | -0.60 | 9 |
| 乡村振兴 | 885705.TI | 25.20 | 1351.11 | -0.22 | 14 |
| 新型城镇化 | 885991.TI | 9.44 | 431.30 | -0.09 | 10 |
| 人工智能 | 885728.TI | 9.21 | 4096.64 | -0.56 | 11 |
| 太赫兹 | 886043.TI | 2.58 | 489.47 | 1.74 | 1 |
| ST板块 | 885699.TI | -0.37 | 120.27 | -0.46 | 11 |
| DeepSeek概念 | 886100.TI | -0.48 | 2878.72 | -0.67 | 10 |
| 汽车电子 | 885545.TI | -4.05 | 2200.56 | -0.44 | 9 |
| 工业大麻 | 885818.TI | -4.48 | 64.11 | 0.03 | 1 |

### 板块涨幅榜
| 指数名称 | 指数代码 | 涨跌幅(%) | 成交额(亿) | 资金净额(亿) | 涨停家数 |
| --- | --- | --- | --- | --- | --- |
| 太赫兹 | 886043.TI | 1.74 | 489.47 | 2.58 | 1 |
| 海峡两岸 | 885939.TI | 0.58 | 1954.06 | 45.66 | 11 |
| 商业航天 | 886078.TI | 0.29 | 1753.49 | 32.65 | 10 |
| 工业大麻 | 885818.TI | 0.03 | 64.11 | -4.48 | 1 |
| 新型城镇化 | 885991.TI | -0.09 | 431.30 | 9.44 | 10 |
| 无人机 | 885564.TI | -0.11 | 2143.19 | 62.88 | 6 |
| 军工 | 885700.TI | -0.13 | 2253.97 | 73.71 | 13 |
| 乡村振兴 | 885705.TI | -0.22 | 1351.11 | 25.20 | 14 |
| 国企改革 | 886021.TI | -0.25 | 4089.07 | 92.14 | 23 |
| 一带一路 | 885494.TI | -0.32 | 2236.24 | 36.85 | 12 |
| 汽车电子 | 885545.TI | -0.44 | 2200.56 | -4.05 | 9 |
| ST板块 | 885699.TI | -0.46 | 120.27 | -0.37 | 11 |
| 新能源汽车 | 885431.TI | -0.54 | 3795.62 | 68.09 | 13 |
| 融资融券 | 885338.TI | -0.56 | 13039.62 | 157.65 | 33 |
| 人工智能 | 885728.TI | -0.56 | 4096.64 | 9.21 | 11 |
| 深股通 | 885694.TI | -0.57 | 7302.70 | 136.18 | 16 |
| 华为概念 | 885806.TI | -0.59 | 4283.93 | 46.95 | 17 |
| 消费电子概念 | 885800.TI | -0.60 | 2337.84 | 32.02 | 9 |
| 机器人概念 | 885517.TI | -0.61 | 4124.63 | 87.75 | 10 |
| DeepSeek概念 | 886100.TI | -0.67 | 2878.72 | -0.48 | 10 |

## 持仓分析
无当日持仓记录或未匹配到持仓标的