# 20251127 涨停分析报告
## 市场概况
| 指标 | 数值 |
| --- | --- |
| 涨停家数 | 63 |
| 跌停家数 | 14 |
| 上涨家数 | 2790 |
| 平盘家数 | 197 |
| 下跌家数 | 2447 |
| 上证涨跌幅(%) | N/A |
| 深证涨跌幅(%) | N/A |
| 创业板涨跌幅(%) | N/A |
| A股总成交额(亿) | N/A |
| 情绪分数 | N/A |

## 趋势(近7日)
| 日期 | 涨停家数 | 涨停Δ | 情绪分数 | 情绪MA5 | 上证(%) | 上证Δ | 深证(%) | 深证Δ | 创业板(%) | 创业Δ | 上涨家数 | 上涨Δ | 下跌家数 | 下跌Δ | 平盘家数 | 平盘Δ |
| --- | --- | --- | --- | --- | --- | --- | --- | --- | --- | --- | --- | --- | --- | --- | --- | --- |
| 20251127.0 | 63.00 |  |  |  |  |  |  |  |  |  | 2790.00 |  | 2447.00 |  | 197.00 |  |
| 20251128.0 | 81.00 | 18.00 |  |  | 0.34 |  | 0.85 |  | 0.70 |  | 4122.00 | 1332.00 | 1193.00 | -1254.00 | 118.00 | -79.00 |

## 今日龙头 (综合评分前5)
| 股票简称 | 几天几板 | 综合评分 | 评分等级 |
| --- | --- | --- | --- |
| 通宇通讯 | 3天3板 | 15.57 | E |
| 惠威科技 | 3天2板 | 15.06 | E |
| 睿能科技 | 3天3板 | 14.22 | E |
| 昀冢科技 | 3天2板 | 11.57 | E |
| 新金路 | 5天3板 | 10.89 | E |

## 资金龙头 (大单净额前3)
| 股票简称 | 最新dde大单净额 |
| --- | --- |
| 万通发展 | 308503070.00 |
| 道明光学 | 120090817.00 |
| 昀冢科技 | 100434007.00 |

## 概念热点
消费电子概念, 华为概念, 汽车电子, 芯片概念

### 热点概念股票
| 股票简称 | 热门概念数量 | 所属概念数量 | 几天几板 | 综合评分 | 评分等级 |
| --- | --- | --- | --- | --- | --- |
| 通宇通讯 | 3 | 20 | 3天3板 | 15.57 | E |
| 惠威科技 | 3 | 11 | 3天2板 | 15.06 | E |
| 睿能科技 | 3 | 16 | 3天3板 | 14.22 | E |
| 昀冢科技 | 3 | 4 | 3天2板 | 11.57 | E |
| 新金路 | 1 | 6 | 5天3板 | 10.89 | E |
| 道明光学 | 2 | 14 | 3天3板 | 10.75 | E |
| 万通发展 | 1 | 9 | 4天3板 | 9.13 | E |

## 连板梯队
| 几天几板 | 数量 | 股票 |
| --- | --- | --- |
| 16天11板 | 1 | 国晟科技 |
| 3天2板 | 2 | 惠威科技、昀冢科技 |
| 3天3板 | 3 | 睿能科技、通宇通讯、道明光学 |
| 4天3板 | 1 | 万通发展 |
| 4天4板 | 1 | 海欣食品 |
| 5天3板 | 1 | 新金路 |
| 5天4板 | 1 | 茂业商业 |
| 6天6板 | 1 | 金富科技 |

## 涨停概念与行业统计

### 概念统计（按涨停家数）
| 概念 | 涨停家数 |
| --- | --- |
| 消费电子概念 | 5 |
| 汽车电子 | 4 |
| 华为概念 | 4 |
| 融资融券 | 3 |
| 芯片概念 | 3 |
| 光伏概念 | 2 |
| 固态电池 | 2 |
| 虚拟电厂 | 2 |
| 沪股通 | 2 |
| 石墨烯 | 2 |
| 物业管理 | 2 |
| 西部大开发 | 2 |
| 储能 | 2 |
| 毫米波雷达 | 2 |
| 卫星导航 | 2 |

### 行业统计（按涨停家数）
| 行业 | 涨停家数 |
| --- | --- |
| 电子-消费电子-消费电子零部件及组装 | 1 |
| 电力设备-光伏设备-光伏电池组件 | 1 |
| 通信-通信设备-通信网络设备及器件 | 1 |
| 电子-消费电子-品牌消费电子 | 1 |
| 电子-其他电子-其他电子Ⅲ | 1 |
| 轻工制造-包装印刷-包装 | 1 |
| 房地产-房地产-住宅开发 | 1 |
| 基础化工-塑料制品-膜材料 | 1 |
| 食品饮料-食品加工制造-预加工食品 | 1 |
| 商贸零售-零售-百货零售 | 1 |
| 基础化工-化学原料-氯碱 | 1 |

### 涨停股票列表（含行业与概念）
| 股票简称 | 所属同花顺行业 | 所属概念数量 | 所属概念 |
| --- | --- | --- | --- |
| 昀冢科技 | 电子-消费电子-消费电子零部件及组装 | 5 | 光纤概念;消费电子概念;汽车电子;华为概念;融资融券 |
| 国晟科技 | 电力设备-光伏设备-光伏电池组件 | 11 | 硅能源;HJT电池;TOPCON电池;钙钛矿电池;新型城镇化;PPP概念;固态电池;锂电池概念;虚拟电厂;光伏概念;储能 |
| 通宇通讯 | 通信-通信设备-通信网络设备及器件 | 22 | 6G概念;铜缆高速连接;F5G概念;WiFi 6;卫星导航;共封装光学(CPO);商业航天;毫米波雷达;5G;消费电子概念;汽车电子;华为概念;无人驾驶;低空经济;虚拟电厂;储能;华为汽车;一带一路;换电概念;中俄贸易概念;深股通;融资融券 |
| 惠威科技 | 电子-消费电子-品牌消费电子 | 11 | 智能家居;横琴新区;粤港澳大湾区;跨境电商;智能音箱;星闪概念;华为概念;无线耳机;汽车电子;消费电子概念;绿色电力 |
| 睿能科技 | 电子-其他电子-其他电子Ⅲ | 16 | 数字经济;智能家居;海峡两岸;物联网;福建自贸区;新型工业化;机器人概念;汽车电子;工业互联网;消费电子概念;无人机;存储芯片;人形机器人;MCU芯片;工业母机;芯片概念 |
| 金富科技 | 轻工制造-包装印刷-包装 | 1 | None |
| 万通发展 | 房地产-房地产-住宅开发 | 11 | 创投;存储芯片;芯片概念;5G;毫米波雷达;卫星导航;物业管理;京津冀一体化;数字经济;沪股通;融资融券 |
| 道明光学 | 基础化工-塑料制品-膜材料 | 15 | 石墨烯;固态电池;消费电子概念;新能源汽车;锂电池概念;光伏概念;安防;液冷服务器;华为概念;中俄贸易概念;虚拟现实;AI手机;共同富裕示范区;元宇宙;深股通 |
| 海欣食品 | 食品饮料-食品加工制造-预加工食品 | 4 | 预制菜;人造肉;海峡两岸;福建自贸区 |
| 茂业商业 | 商贸零售-零售-百货零售 | 4 | 信托概念;西部大开发;沪股通;物业管理 |
| 新金路 | 基础化工-化学原料-氯碱 | 6 | 金属铜;小金属概念;石墨烯;化债概念(AMC概念);西部大开发;芯片概念 |

## 跌停池

### 概念统计（按跌停家数）
| 概念 | 跌停家数 |
| --- | --- |
| 人工智能 | 6 |
| 福建自贸区 | 3 |
| AI智能体 | 3 |
| 海峡两岸 | 3 |
| 区块链 | 3 |
| 阿里巴巴概念 | 3 |
| 数字经济 | 3 |
| 华为鲲鹏 | 3 |
| 国企改革 | 3 |
| DeepSeek概念 | 3 |
| 数据安全 | 3 |
| 融资融券 | 3 |
| 机器人概念 | 2 |
| 物联网 | 2 |
| 数据要素 | 2 |

### 行业统计（按跌停家数）
| 行业 | 跌停家数 |
| --- | --- |
| 计算机-IT服务-IT服务Ⅲ | 2 |
| 有色金属-工业金属-铅锌 | 1 |
| 基础化工-塑料制品-膜材料 | 1 |
| 建筑材料-建筑材料-其他建材 | 1 |
| 农林牧渔-养殖业-海洋捕捞 | 1 |
| 计算机-软件开发-垂直应用软件 | 1 |
| 传媒-影视院线-影视院线Ⅲ | 1 |

### 跌停股票列表（含行业与概念）
| 股票简称 | 所属同花顺行业 | 所属概念数量 | 所属概念 |
| --- | --- | --- | --- |
| 实达集团 | 计算机-IT服务-IT服务Ⅲ | 29 | 福建自贸区;国资云;智慧政务;海峡两岸;职业教育;数据要素;AI智能体;华为鲲鹏;阿里巴巴概念;数字经济;区块链;算力租赁;云计算;数据安全;智慧城市;安防;DeepSeek概念;人工智能;国产操作系统;创投;华为概念;东数西算(算力);物联网;无人机;国企改革;虚拟电厂;机器人概念;人形机器人;沪股通 |
| 罗平锌电 | 有色金属-工业金属-铅锌 | 8 | 金属锌;金属铅;金属铜;小金属概念;西部大开发;乡村振兴;绿色电力;粮食概念 |
| 国风新材 | 基础化工-塑料制品-膜材料 | 8 | 光刻胶;装配式建筑;柔性屏(折叠屏);国企改革;芯片概念;新能源汽车;深股通;融资融券 |
| 榕基软件 | 计算机-IT服务-IT服务Ⅲ | 27 | Web3.0;云办公;华为鲲鹏;智慧政务;在线教育;军工信息化;数据安全;信创;网络安全;区块链;数据要素;鸿蒙概念;核污染防治;数字经济;安防;虚拟现实;福建自贸区;智慧城市;人工智能;海峡两岸;华为概念;军工;物联网;电力物联网;物业管理;智能电网;融资融券 |
| 垒知集团 | 建筑材料-建筑材料-其他建材 | 34 | 海峡两岸;福建自贸区;新型城镇化;地下管网;建筑节能;装配式建筑;房屋检测;水利;数字经济;医疗器械概念;光伏建筑一体化;创新药;数字孪生;算力租赁;一带一路;腾讯概念;人工智能;阿里巴巴概念;DeepSeek概念;ERP概念;AIGC概念;AI智能体;高铁;数据安全;华为欧拉;华为鲲鹏;数据中心;储能;核电;华为昇腾;光伏概念;新能源汽车;机器人概念;汽车电子 |
| 中水渔业 | 农林牧渔-养殖业-海洋捕捞 | 6 | 预制菜;央企国企改革;参股保险;人工智能;国企改革;中字头股票 |
| 石基信息 | 计算机-软件开发-垂直应用软件 | 16 | ERP概念;抖音概念(字节概念);阿里巴巴概念;AI智能体;腾讯概念;云计算;移动支付;区块链;DeepSeek概念;人工智能;跨境支付(CIPS);京津冀一体化;旅游概念;深股通;融资融券;证金持股 |
| 欢瑞世纪 | 传媒-影视院线-影视院线Ⅲ | 7 | 短剧游戏;文化传媒概念;IP经济(谷子经济);虚拟数字人;AIGC概念;人工智能;西部大开发 |

## 操作建议
| 类别 | 数量 | 建议 |
| --- | --- | --- |
| S级标的 | 0 | 重点关注 |
| A级标的 | 0 | 适当参与 |
| 高风险标 | 3 | 谨慎对待 |

## 板块资金方向（简明版）

### 板块资金净额榜
| 指数名称 | 指数代码 | 资金净额(亿) | 成交额(亿) | 涨跌幅(%) | 涨停家数 |
| --- | --- | --- | --- | --- | --- |
| 消费电子概念 | 885800.TI | 0.02 | 1879.14 | 1.51 | 12 |
| 锂电池概念 | 885710.TI | -0.68 | 2276.64 | 0.52 | 13 |
| 金属铅 | 885971.TI | -2.99 | 342.85 | 3.01 | 0 |
| 汽车拆解概念 | 885902.TI | -3.38 | 65.47 | 0.91 | 0 |
| 金属锌 | 885970.TI | -3.44 | 334.86 | 3.09 | 0 |
| 固态电池 | 886032.TI | -5.80 | 1197.02 | 0.26 | 10 |
| 黄金概念 | 885530.TI | -12.40 | 561.69 | 1.87 | 0 |
| ST板块 | 885699.TI | -12.42 | 76.51 | 0.20 | 10 |
| 金属铜 | 885973.TI | -16.97 | 638.33 | 1.98 | 1 |
| 汽车电子 | 885545.TI | -29.92 | 1772.85 | 1.61 | 9 |
| 专精特新 | 885929.TI | -44.88 | 1978.41 | 0.82 | 9 |
| 储能 | 885921.TI | -67.28 | 2347.70 | 0.68 | 11 |
| 光伏概念 | 885531.TI | -67.59 | 1435.23 | 0.34 | 9 |
| 芯片概念 | 885756.TI | -106.81 | 3809.42 | 0.68 | 13 |
| 机器人概念 | 885517.TI | -127.62 | 3243.39 | 0.93 | 10 |
| 国企改革 | 886021.TI | -161.49 | 3514.40 | 0.55 | 12 |
| 沪股通 | 885520.TI | -182.41 | 4646.02 | 0.44 | 13 |
| 华为概念 | 885806.TI | -189.97 | 3340.70 | 0.65 | 14 |
| 深股通 | 885694.TI | -233.37 | 5943.15 | 0.74 | 9 |
| 融资融券 | 885338.TI | -396.48 | 11032.94 | 0.65 | 25 |

### 板块涨幅榜
| 指数名称 | 指数代码 | 涨跌幅(%) | 成交额(亿) | 资金净额(亿) | 涨停家数 |
| --- | --- | --- | --- | --- | --- |
| 金属锌 | 885970.TI | 3.09 | 334.86 | -3.44 | 0 |
| 金属铅 | 885971.TI | 3.01 | 342.85 | -2.99 | 0 |
| 金属铜 | 885973.TI | 1.98 | 638.33 | -16.97 | 1 |
| 黄金概念 | 885530.TI | 1.87 | 561.69 | -12.40 | 0 |
| 汽车电子 | 885545.TI | 1.61 | 1772.85 | -29.92 | 9 |
| 消费电子概念 | 885800.TI | 1.51 | 1879.14 | 0.02 | 12 |
| 机器人概念 | 885517.TI | 0.93 | 3243.39 | -127.62 | 10 |
| 汽车拆解概念 | 885902.TI | 0.91 | 65.47 | -3.38 | 0 |
| 专精特新 | 885929.TI | 0.82 | 1978.41 | -44.88 | 9 |
| 深股通 | 885694.TI | 0.74 | 5943.15 | -233.37 | 9 |
| 芯片概念 | 885756.TI | 0.68 | 3809.42 | -106.81 | 13 |
| 储能 | 885921.TI | 0.68 | 2347.70 | -67.28 | 11 |
| 融资融券 | 885338.TI | 0.65 | 11032.94 | -396.48 | 25 |
| 华为概念 | 885806.TI | 0.65 | 3340.70 | -189.97 | 14 |
| 国企改革 | 886021.TI | 0.55 | 3514.40 | -161.49 | 12 |
| 锂电池概念 | 885710.TI | 0.52 | 2276.64 | -0.68 | 13 |
| 沪股通 | 885520.TI | 0.44 | 4646.02 | -182.41 | 13 |
| 光伏概念 | 885531.TI | 0.34 | 1435.23 | -67.59 | 9 |
| 固态电池 | 886032.TI | 0.26 | 1197.02 | -5.80 | 10 |
| ST板块 | 885699.TI | 0.20 | 76.51 | -12.42 | 10 |

## 持仓分析
无当日持仓记录或未匹配到持仓标的