# 20251126 涨停分析报告
## 市场概况
| 指标 | 数值 |
| --- | --- |
| 涨停家数 | 76 |
| 跌停家数 | 6 |
| 上涨家数 | 1692 |
| 平盘家数 | 149 |
| 下跌家数 | 3593 |
| 上证涨跌幅(%) | -0.15 |
| 深证涨跌幅(%) | 1.02 |
| 创业板涨跌幅(%) | 2.14 |
| A股总成交额(亿) | 17971.91 |
| 情绪分数 | 62.01 |

## 趋势(近7日)
| 日期 | 涨停家数 | 涨停Δ | 情绪分数 | 情绪MA5 | 上证(%) | 上证Δ | 深证(%) | 深证Δ | 创业板(%) | 创业Δ | 上涨家数 | 上涨Δ | 下跌家数 | 下跌Δ | 平盘家数 | 平盘Δ |
| --- | --- | --- | --- | --- | --- | --- | --- | --- | --- | --- | --- | --- | --- | --- | --- | --- |
| 20251126.0 | 76.00 |  |  |  | -0.15 |  | 1.02 |  | 2.14 |  | 1692.00 |  | 3593.00 |  | 149.00 |  |
| 20251127.0 | 63.00 | -13.00 |  |  | 0.29 | 0.44 | -0.25 | -1.27 | -0.44 | -2.58 | 2790.00 | 1098.00 | 2447.00 | -1146.00 | 197.00 | 48.00 |
| 20251128.0 | 81.00 | 18.00 |  |  | 0.34 | 0.06 | 0.85 | 1.10 | 0.70 | 1.14 | 4122.00 | 1332.00 | 1193.00 | -1254.00 | 118.00 | -79.00 |
| 20251201.0 | 75.00 | -6.00 |  |  | 0.65 | 0.31 | 1.25 | 0.41 | 1.31 | 0.60 | 3398.00 | -724.00 | 1872.00 | 679.00 | 162.00 | 44.00 |
| 20251202.0 | 54.00 | -21.00 |  |  | -0.42 | -1.07 | -0.68 | -1.94 | -0.69 | -2.00 | 1544.00 | -1854.00 | 3740.00 | 1868.00 | 152.00 | -10.00 |

## 今日龙头 (综合评分前5)
| 股票简称 | 几天几板 | 综合评分 | 评分等级 |
| --- | --- | --- | --- |
| 东百集团 | None | 13.01 | E |
| 雷科防务 | 7天6板 | 12.43 | E |
| 海欣食品 | 5天5板 | 12.30 | E |
| 金富科技 | 7天7板 | 10.34 | E |
| 海王生物 | 5天5板 | 9.73 | E |

## 资金龙头 (大单净额前3)
| 股票简称 | 最新dde大单净额 |
| --- | --- |
| 茂业商业 | 270000541.00 |
| 东百集团 | 205747688.00 |
| 海王生物 | 191201250.00 |

## 概念热点
福建自贸区, 海峡两岸, 冷链物流

### 热点概念股票
| 股票简称 | 热门概念数量 | 所属概念数量 | 几天几板 | 综合评分 | 评分等级 |
| --- | --- | --- | --- | --- | --- |
| 东百集团 | 3 | 10 | None | 13.01 | E |
| 海欣食品 | 2 | 4 | 5天5板 | 12.30 | E |
| 海王生物 | 1 | 8 | 5天5板 | 9.73 | E |
| 人民同泰 | 1 | 8 | 首板涨停 | 9.32 | E |
| 实达集团 | 2 | 28 | 9天6板 | 6.62 | E |

## 连板梯队
| 几天几板 | 数量 | 股票 |
| --- | --- | --- |
| 5天5板 | 2 | 海欣食品、海王生物 |
| 6天5板 | 1 | 茂业商业 |
| 7天6板 | 1 | 雷科防务 |
| 7天7板 | 1 | 金富科技 |
| 9天6板 | 1 | 实达集团 |
| 首板涨停 | 1 | 人民同泰 |

## 涨停概念与行业统计

### 概念统计（按涨停家数）
| 概念 | 涨停家数 |
| --- | --- |
| 海峡两岸 | 3 |
| 福建自贸区 | 3 |
| 冷链物流 | 3 |
| 沪股通 | 3 |
| 无人机 | 2 |
| 流感 | 2 |
| 医药电商 | 2 |
| 深股通 | 2 |
| 融资融券 | 2 |
| 物业管理 | 2 |
| 医疗器械概念 | 2 |
| 华为概念 | 2 |
| 东数西算(算力) | 2 |
| DeepSeek概念 | 2 |
| 数据要素 | 2 |

### 行业统计（按涨停家数）
| 行业 | 涨停家数 |
| --- | --- |
| 医药生物-医药商业-医药流通 | 2 |
| 商贸零售-零售-百货零售 | 2 |
| 食品饮料-食品加工制造-预加工食品 | 1 |
| 轻工制造-包装印刷-包装 | 1 |
| 国防军工-军工电子-军工电子Ⅲ | 1 |
| 计算机-IT服务-IT服务Ⅲ | 1 |

### 涨停股票列表（含行业与概念）
| 股票简称 | 所属同花顺行业 | 所属概念数量 | 所属概念 |
| --- | --- | --- | --- |
| 海欣食品 | 食品饮料-食品加工制造-预加工食品 | 4 | 人造肉;预制菜;海峡两岸;福建自贸区 |
| 人民同泰 | 医药生物-医药商业-医药流通 | 8 | 民营医院;医药电商;流感;冷链物流;眼科医疗;黑龙江自贸区;宠物经济;医疗器械概念 |
| 金富科技 | 轻工制造-包装印刷-包装 | 1 | None |
| 雷科防务 | 国防军工-军工电子-军工电子Ⅲ | 27 | 太赫兹;军工信息化;商业航天;卫星导航;6G概念;军民融合;数据要素;大飞机;军工;车联网(车路协同);无人机;人工智能;DeepSeek概念;京津冀一体化;东数西算(算力);华为概念;低空经济;毫米波雷达;无人驾驶;5G;养老概念;芯片概念;汽车电子;存储芯片;比亚迪概念;深股通;融资融券 |
| 茂业商业 | 商贸零售-零售-百货零售 | 4 | 物业管理;信托概念;西部大开发;沪股通 |
| 海王生物 | 医药生物-医药商业-医药流通 | 10 | 仿制药一致性评价;流感;冷链物流;创新药;维生素;医疗器械概念;粤港澳大湾区;深股通;融资融券;医药电商 |
| 东百集团 | 商贸零售-零售-百货零售 | 11 | 免税店;海峡两岸;福建自贸区;物业管理;旅游概念;冷链物流;统一大市场;跨境电商;数字经济;阿里巴巴概念;沪股通 |
| 实达集团 | 计算机-IT服务-IT服务Ⅲ | 29 | 智慧政务;国资云;AI智能体;数据要素;阿里巴巴概念;算力租赁;华为鲲鹏;区块链;职业教育;云计算;福建自贸区;数字经济;数据安全;海峡两岸;智慧城市;DeepSeek概念;国产操作系统;人工智能;安防;东数西算(算力);创投;华为概念;物联网;国企改革;无人机;机器人概念;虚拟电厂;人形机器人;沪股通 |

## 跌停池

### 概念统计（按跌停家数）
| 概念 | 跌停家数 |
| --- | --- |
| 人工智能 | 2 |
| 融资融券 | 2 |
| 国企改革 | 2 |
| 云办公 | 1 |
| Web3.0 | 1 |
| 在线教育 | 1 |
| 智慧政务 | 1 |
| 华为鲲鹏 | 1 |
| 数据安全 | 1 |
| 网络安全 | 1 |
| 数据要素 | 1 |
| 信创 | 1 |
| 军工信息化 | 1 |
| 核污染防治 | 1 |
| 数字经济 | 1 |

### 行业统计（按跌停家数）
| 行业 | 跌停家数 |
| --- | --- |
| 计算机-IT服务-IT服务Ⅲ | 1 |
| 农林牧渔-养殖业-海洋捕捞 | 1 |
| 农林牧渔-农产品加工-粮油加工 | 1 |

### 跌停股票列表（含行业与概念）
| 股票简称 | 所属同花顺行业 | 所属概念数量 | 所属概念 |
| --- | --- | --- | --- |
| 榕基软件 | 计算机-IT服务-IT服务Ⅲ | 27 | Web3.0;云办公;华为鲲鹏;智慧政务;在线教育;数据安全;军工信息化;信创;区块链;网络安全;数据要素;鸿蒙概念;核污染防治;数字经济;智慧城市;安防;福建自贸区;人工智能;虚拟现实;海峡两岸;华为概念;军工;物联网;电力物联网;物业管理;智能电网;融资融券 |
| 中水渔业 | 农林牧渔-养殖业-海洋捕捞 | 6 | 预制菜;央企国企改革;人工智能;参股保险;国企改革;中字头股票 |
| 京粮控股 | 农林牧渔-农产品加工-粮油加工 | 7 | 粮食概念;海南自贸区;网红经济;国企改革;京津冀一体化;一带一路;融资融券 |

## 操作建议
| 类别 | 数量 | 建议 |
| --- | --- | --- |
| S级标的 | 0 | 重点关注 |
| A级标的 | 0 | 适当参与 |
| 高风险标 | 2 | 谨慎对待 |

### 仓位建议分档
| 情绪分数 | 建议仓位 |
| --- | --- |
| 62.01 | 均衡型 |

## 板块资金方向（简明版）

### 板块资金净额榜
| 指数名称 | 指数代码 | 资金净额(亿) | 成交额(亿) | 涨跌幅(%) | 涨停家数 |
| --- | --- | --- | --- | --- | --- |
| 芯片概念 | 885756.TI | 89.69 | 4677.34 | -0.87 | 12 |
| 粤港澳大湾区 | 885521.TI | -0.97 | 1761.90 | -0.77 | 11 |
| 工业大麻 | 885818.TI | -1.79 | 64.51 | 0.07 | 0 |
| ST板块 | 885699.TI | -10.45 | 121.57 | -0.63 | 8 |
| 冷链物流 | 885502.TI | -11.43 | 391.82 | 0.13 | 10 |
| 海峡两岸 | 885939.TI | -15.67 | 1974.87 | 1.39 | 9 |
| 太赫兹 | 886043.TI | -18.29 | 493.86 | 1.79 | 1 |
| 医疗器械概念 | 885539.TI | -28.82 | 963.74 | -0.57 | 13 |
| 阿里巴巴概念 | 885611.TI | -60.40 | 1693.97 | -0.81 | 12 |
| 智慧城市 | 885378.TI | -69.92 | 1650.28 | -0.41 | 8 |
| 商业航天 | 886078.TI | -86.73 | 1770.28 | 0.02 | 7 |
| 深股通 | 885694.TI | -96.36 | 7386.10 | -0.66 | 17 |
| 数字经济 | 885976.TI | -98.73 | 1919.49 | -0.49 | 12 |
| 无人机 | 885564.TI | -101.23 | 2164.54 | -0.29 | 6 |
| 华为概念 | 885806.TI | -108.81 | 4331.42 | -0.69 | 15 |
| 沪股通 | 885520.TI | -125.40 | 5201.95 | -0.56 | 18 |
| DeepSeek概念 | 886100.TI | -157.48 | 2911.19 | -0.71 | 11 |
| 人工智能 | 885728.TI | -184.15 | 4143.14 | -0.67 | 19 |
| 融资融券 | 885338.TI | -228.75 | 13184.19 | -0.72 | 34 |
| 国企改革 | 886021.TI | -238.51 | 4134.79 | -0.25 | 14 |

### 板块涨幅榜
| 指数名称 | 指数代码 | 涨跌幅(%) | 成交额(亿) | 资金净额(亿) | 涨停家数 |
| --- | --- | --- | --- | --- | --- |
| 太赫兹 | 886043.TI | 1.79 | 493.86 | -18.29 | 1 |
| 海峡两岸 | 885939.TI | 1.39 | 1974.87 | -15.67 | 9 |
| 冷链物流 | 885502.TI | 0.13 | 391.82 | -11.43 | 10 |
| 工业大麻 | 885818.TI | 0.07 | 64.51 | -1.79 | 0 |
| 商业航天 | 886078.TI | 0.02 | 1770.28 | -86.73 | 7 |
| 国企改革 | 886021.TI | -0.25 | 4134.79 | -238.51 | 14 |
| 无人机 | 885564.TI | -0.29 | 2164.54 | -101.23 | 6 |
| 智慧城市 | 885378.TI | -0.41 | 1650.28 | -69.92 | 8 |
| 数字经济 | 885976.TI | -0.49 | 1919.49 | -98.73 | 12 |
| 沪股通 | 885520.TI | -0.56 | 5201.95 | -125.40 | 18 |
| 医疗器械概念 | 885539.TI | -0.57 | 963.74 | -28.82 | 13 |
| ST板块 | 885699.TI | -0.63 | 121.57 | -10.45 | 8 |
| 深股通 | 885694.TI | -0.66 | 7386.10 | -96.36 | 17 |
| 人工智能 | 885728.TI | -0.67 | 4143.14 | -184.15 | 19 |
| 华为概念 | 885806.TI | -0.69 | 4331.42 | -108.81 | 15 |
| DeepSeek概念 | 886100.TI | -0.71 | 2911.19 | -157.48 | 11 |
| 融资融券 | 885338.TI | -0.72 | 13184.19 | -228.75 | 34 |
| 粤港澳大湾区 | 885521.TI | -0.77 | 1761.90 | -0.97 | 11 |
| 阿里巴巴概念 | 885611.TI | -0.81 | 1693.97 | -60.40 | 12 |
| 芯片概念 | 885756.TI | -0.87 | 4677.34 | 89.69 | 12 |

## 持仓分析
无当日持仓记录或未匹配到持仓标的