# 20251125 涨停分析报告
## 市场概况
| 指标 | 数值 |
| --- | --- |
| 涨停家数 | 95 |
| 跌停家数 | 5 |
| 上涨家数 | 4299 |
| 平盘家数 | 145 |
| 下跌家数 | 994 |
| 上证涨跌幅(%) | N/A |
| 深证涨跌幅(%) | N/A |
| 创业板涨跌幅(%) | N/A |
| A股总成交额(亿) | N/A |
| 情绪分数 | N/A |

## 趋势(近7日)
| 日期 | 涨停家数 | 涨停Δ | 情绪分数 | 情绪MA5 | 上证(%) | 上证Δ | 深证(%) | 深证Δ | 创业板(%) | 创业Δ | 上涨家数 | 上涨Δ | 下跌家数 | 下跌Δ | 平盘家数 | 平盘Δ |
| --- | --- | --- | --- | --- | --- | --- | --- | --- | --- | --- | --- | --- | --- | --- | --- | --- |
| 20251125.0 | 95.00 |  |  |  |  |  |  |  |  |  | 4299.00 |  | 994.00 |  | 145.00 |  |
| 20251126.0 | 76.00 | -19.00 |  |  | -0.15 |  | 1.02 |  | 2.14 |  | 1692.00 | -2607.00 | 3593.00 | 2599.00 | 149.00 | 4.00 |
| 20251127.0 | 63.00 | -13.00 |  |  | 0.29 | 0.44 | -0.25 | -1.27 | -0.44 | -2.58 | 2790.00 | 1098.00 | 2447.00 | -1146.00 | 197.00 | 48.00 |
| 20251128.0 | 81.00 | 18.00 |  |  | 0.34 | 0.06 | 0.85 | 1.10 | 0.70 | 1.14 | 4122.00 | 1332.00 | 1193.00 | -1254.00 | 118.00 | -79.00 |

## 今日龙头 (综合评分前5)
| 股票简称 | 几天几板 | 综合评分 | 评分等级 |
| --- | --- | --- | --- |
| 雷科防务 | 6天5板 | 12.73 | E |
| 瑞斯康达 | 首板涨停 | 11.79 | E |
| 实达集团 | 8天6板 | 11.62 | E |
| 海南瑞泽 | 5天3板 | 9.41 | E |
| 新金路 | 5天3板 | 7.65 | E |

## 资金龙头 (大单净额前3)
| 股票简称 | 最新dde大单净额 |
| --- | --- |
| 实达集团 | 199502100.00 |
| 罗平锌电 | 157276569.00 |
| 瑞斯康达 | 132826751.00 |

## 概念热点
东数西算(算力), 芯片概念, 新型城镇化, 西部大开发

### 热点概念股票
| 股票简称 | 热门概念数量 | 所属概念数量 | 几天几板 | 综合评分 | 评分等级 |
| --- | --- | --- | --- | --- | --- |
| 雷科防务 | 2 | 25 | 6天5板 | 12.73 | E |
| 瑞斯康达 | 3 | 18 | 首板涨停 | 11.79 | E |
| 实达集团 | 1 | 28 | 8天6板 | 11.62 | E |
| 海南瑞泽 | 1 | 13 | 5天3板 | 9.41 | E |
| 新金路 | 2 | 6 | 5天3板 | 7.65 | E |
| 国晟科技 | 1 | 11 | 16天11板 | 7.08 | E |
| 茂业商业 | 1 | 3 | 5天4板 | 6.84 | E |
| 罗平锌电 | 1 | 8 | 5天3板 | 5.71 | E |

## 连板梯队
| 几天几板 | 数量 | 股票 |
| --- | --- | --- |
| 16天11板 | 1 | 国晟科技 |
| 2天1板 | 1 | 福建水泥 |
| 5天3板 | 3 | 新金路、海南瑞泽、罗平锌电 |
| 5天4板 | 1 | 茂业商业 |
| 6天5板 | 1 | 雷科防务 |
| 6天6板 | 1 | 金富科技 |
| 8天6板 | 1 | 实达集团 |
| 首板涨停 | 1 | 瑞斯康达 |

## 涨停概念与行业统计

### 概念统计（按涨停家数）
| 概念 | 涨停家数 |
| --- | --- |
| 融资融券 | 4 |
| 东数西算(算力) | 3 |
| 芯片概念 | 3 |
| 新型城镇化 | 3 |
| 西部大开发 | 3 |
| 人工智能 | 2 |
| 华为概念 | 2 |
| 福建自贸区 | 2 |
| DeepSeek概念 | 2 |
| 无人驾驶 | 2 |
| 无人机 | 2 |
| 5G | 2 |
| 6G概念 | 2 |
| 车联网(车路协同) | 2 |
| 物联网 | 2 |

### 行业统计（按涨停家数）
| 行业 | 涨停家数 |
| --- | --- |
| 建筑材料-建筑材料-水泥 | 2 |
| 国防军工-军工电子-军工电子Ⅲ | 1 |
| 计算机-IT服务-IT服务Ⅲ | 1 |
| 电力设备-光伏设备-光伏电池组件 | 1 |
| 通信-通信设备-通信终端及配件 | 1 |
| 有色金属-工业金属-铅锌 | 1 |
| 轻工制造-包装印刷-包装 | 1 |
| 商贸零售-零售-百货零售 | 1 |
| 基础化工-化学原料-氯碱 | 1 |

### 涨停股票列表（含行业与概念）
| 股票简称 | 所属同花顺行业 | 所属概念数量 | 所属概念 |
| --- | --- | --- | --- |
| 雷科防务 | 国防军工-军工电子-军工电子Ⅲ | 27 | 太赫兹;军工信息化;卫星导航;商业航天;6G概念;军民融合;大飞机;数据要素;无人机;毫米波雷达;军工;人工智能;5G;车联网(车路协同);东数西算(算力);华为概念;DeepSeek概念;芯片概念;养老概念;低空经济;京津冀一体化;无人驾驶;汽车电子;存储芯片;比亚迪概念;深股通;融资融券 |
| 实达集团 | 计算机-IT服务-IT服务Ⅲ | 29 | 福建自贸区;国资云;智慧政务;海峡两岸;职业教育;数据要素;AI智能体;华为鲲鹏;阿里巴巴概念;数字经济;区块链;算力租赁;云计算;数据安全;智慧城市;安防;DeepSeek概念;人工智能;国产操作系统;创投;华为概念;东数西算(算力);物联网;无人机;国企改革;虚拟电厂;机器人概念;人形机器人;沪股通 |
| 瑞斯康达 | 通信-通信设备-通信终端及配件 | 19 | F5G概念;6G概念;WiFi 6;5G;网络安全;量子科技;东数西算(算力);数据安全;数据中心;智慧城市;车联网(车路协同);物联网;无人驾驶;工业互联网;新型城镇化;芯片概念;新型工业化;智能电网;融资融券 |
| 国晟科技 | 电力设备-光伏设备-光伏电池组件 | 11 | 硅能源;HJT电池;TOPCON电池;钙钛矿电池;新型城镇化;PPP概念;固态电池;锂电池概念;虚拟电厂;光伏概念;储能 |
| 罗平锌电 | 有色金属-工业金属-铅锌 | 8 | 金属锌;金属铅;金属铜;小金属概念;西部大开发;乡村振兴;绿色电力;粮食概念 |
| 金富科技 | 轻工制造-包装印刷-包装 | 1 | None |
| 福建水泥 | 建筑材料-建筑材料-水泥 | 8 | 海峡两岸;福建自贸区;水泥概念;参股银行;国企改革;参股券商;核电;融资融券 |
| 海南瑞泽 | 建筑材料-建筑材料-水泥 | 14 | 海南自贸区;自由贸易港;特色小镇;旅游概念;新型城镇化;装配式建筑;PPP概念;水泥概念;垃圾分类;雄安新区;固废处理;水利;一带一路;融资融券 |
| 茂业商业 | 商贸零售-零售-百货零售 | 4 | 信托概念;西部大开发;沪股通;物业管理 |
| 新金路 | 基础化工-化学原料-氯碱 | 6 | 金属铜;小金属概念;石墨烯;化债概念(AMC概念);西部大开发;芯片概念 |

## 跌停池

### 概念统计（按跌停家数）
| 概念 | 跌停家数 |
| --- | --- |
| 预制菜 | 2 |
| 人民币贬值受益 | 2 |
| 国企改革 | 2 |
| 乡村振兴 | 2 |
| 参股保险 | 1 |
| 中字头股票 | 1 |
| 央企国企改革 | 1 |
| NFT概念 | 1 |
| 跨境电商 | 1 |
| 牙科医疗 | 1 |
| 人工智能 | 1 |
| 参股银行 | 1 |
| 柔性直流输电 | 1 |
| 特高压 | 1 |
| 华为概念 | 1 |

### 行业统计（按跌停家数）
| 行业 | 跌停家数 |
| --- | --- |
| 农林牧渔-养殖业-海洋捕捞 | 1 |
| 轻工制造-家居用品-其他家居用品 | 1 |
| 农林牧渔-养殖业-水产养殖 | 1 |
| 农林牧渔-养殖业-生猪养殖 | 1 |

### 跌停股票列表（含行业与概念）
| 股票简称 | 所属同花顺行业 | 所属概念数量 | 所属概念 |
| --- | --- | --- | --- |
| 中水渔业 | 农林牧渔-养殖业-海洋捕捞 | 6 | 预制菜;央企国企改革;参股保险;人工智能;国企改革;中字头股票 |
| 华瓷股份 | 轻工制造-家居用品-其他家居用品 | 10 | NFT概念;跨境电商;牙科医疗;参股银行;人民币贬值受益;柔性直流输电;华为概念;特高压;智能穿戴;消费电子概念 |
| 獐子岛 | 农林牧渔-养殖业-水产养殖 | 6 | 预制菜;乡村振兴;国企改革;冷链物流;碳中和;人民币贬值受益 |
| 京基智农 | 农林牧渔-养殖业-生猪养殖 | 9 | 养鸡;猪肉;乡村振兴;文化传媒概念;物业管理;IP经济(谷子经济);粤港澳大湾区;融资融券;深股通 |

## 操作建议
| 类别 | 数量 | 建议 |
| --- | --- | --- |
| S级标的 | 0 | 重点关注 |
| A级标的 | 0 | 适当参与 |
| 高风险标 | 1 | 谨慎对待 |

## 板块资金方向（简明版）

### 板块资金净额榜
| 指数名称 | 指数代码 | 资金净额(亿) | 成交额(亿) | 涨跌幅(%) | 涨停家数 |
| --- | --- | --- | --- | --- | --- |
| 融资融券 | 885338.TI | 192.53 | 11349.45 | 0.72 | 36 |
| 深股通 | 885694.TI | 138.67 | 6112.15 | 0.83 | 19 |
| 数据中心 | 885887.TI | 110.23 | 2930.50 | 0.54 | 15 |
| 5G | 885556.TI | 96.64 | 2448.37 | 1.25 | 15 |
| 芯片概念 | 885756.TI | 87.34 | 3911.56 | 0.75 | 23 |
| 新能源汽车 | 885431.TI | 84.71 | 3275.27 | 0.96 | 17 |
| 华为概念 | 885806.TI | 81.75 | 3441.97 | 0.75 | 22 |
| 比亚迪概念 | 885997.TI | 52.19 | 2095.65 | 0.96 | 12 |
| 粤港澳大湾区 | 885521.TI | 45.06 | 1417.07 | 0.95 | 15 |
| 海峡两岸 | 885939.TI | 30.38 | 1374.66 | 0.88 | 15 |
| 金属铜 | 885973.TI | 28.85 | 649.99 | 2.08 | 4 |
| 沪股通 | 885520.TI | 22.14 | 4781.81 | 0.51 | 16 |
| 金属锌 | 885970.TI | 15.75 | 341.07 | 3.23 | 2 |
| 金属铅 | 885971.TI | 15.69 | 349.22 | 3.19 | 2 |
| 东数西算(算力) | 885957.TI | 14.68 | 1750.09 | 0.99 | 13 |
| ST板块 | 885699.TI | 7.57 | 78.67 | 0.17 | 18 |
| 西部大开发 | 886086.TI | 6.60 | 1625.01 | 0.79 | 15 |
| 汽车拆解概念 | 885902.TI | 2.87 | 66.78 | 0.80 | 0 |
| 人工智能 | 885728.TI | -1.16 | 3151.13 | 0.69 | 22 |
| 国企改革 | 886021.TI | -29.62 | 3613.16 | 0.68 | 22 |

### 板块涨幅榜
| 指数名称 | 指数代码 | 涨跌幅(%) | 成交额(亿) | 资金净额(亿) | 涨停家数 |
| --- | --- | --- | --- | --- | --- |
| 金属锌 | 885970.TI | 3.23 | 341.07 | 15.75 | 2 |
| 金属铅 | 885971.TI | 3.19 | 349.22 | 15.69 | 2 |
| 金属铜 | 885973.TI | 2.08 | 649.99 | 28.85 | 4 |
| 5G | 885556.TI | 1.25 | 2448.37 | 96.64 | 15 |
| 东数西算(算力) | 885957.TI | 0.99 | 1750.09 | 14.68 | 13 |
| 比亚迪概念 | 885997.TI | 0.96 | 2095.65 | 52.19 | 12 |
| 新能源汽车 | 885431.TI | 0.96 | 3275.27 | 84.71 | 17 |
| 粤港澳大湾区 | 885521.TI | 0.95 | 1417.07 | 45.06 | 15 |
| 海峡两岸 | 885939.TI | 0.88 | 1374.66 | 30.38 | 15 |
| 深股通 | 885694.TI | 0.83 | 6112.15 | 138.67 | 19 |
| 汽车拆解概念 | 885902.TI | 0.80 | 66.78 | 2.87 | 0 |
| 西部大开发 | 886086.TI | 0.79 | 1625.01 | 6.60 | 15 |
| 芯片概念 | 885756.TI | 0.75 | 3911.56 | 87.34 | 23 |
| 华为概念 | 885806.TI | 0.75 | 3441.97 | 81.75 | 22 |
| 融资融券 | 885338.TI | 0.72 | 11349.45 | 192.53 | 36 |
| 人工智能 | 885728.TI | 0.69 | 3151.13 | -1.16 | 22 |
| 国企改革 | 886021.TI | 0.68 | 3613.16 | -29.62 | 22 |
| 数据中心 | 885887.TI | 0.54 | 2930.50 | 110.23 | 15 |
| 沪股通 | 885520.TI | 0.51 | 4781.81 | 22.14 | 16 |
| ST板块 | 885699.TI | 0.17 | 78.67 | 7.57 | 18 |

## 持仓分析
无当日持仓记录或未匹配到持仓标的