# 20251127 涨停分析报告
## 市场概况
| 指标 | 数值 |
| --- | --- |
| 涨停家数 | 63 |
| 跌停家数 | 14 |
| 上涨家数 | 2790 |
| 平盘家数 | 197 |
| 下跌家数 | 2447 |
| 上证涨跌幅(%) | N/A |
| 深证涨跌幅(%) | N/A |
| 创业板涨跌幅(%) | N/A |
| A股总成交额(亿) | N/A |
| 情绪分数 | N/A |

## 趋势(近7日)
| 日期 | 涨停家数 | 涨停Δ | 情绪分数 | 情绪MA5 | 上证(%) | 上证Δ | 深证(%) | 深证Δ | 创业板(%) | 创业Δ | 上涨家数 | 上涨Δ | 下跌家数 | 下跌Δ | 平盘家数 | 平盘Δ |
| --- | --- | --- | --- | --- | --- | --- | --- | --- | --- | --- | --- | --- | --- | --- | --- | --- |
| 20251124.0 | 79.00 |  |  |  |  |  |  |  |  |  | 4228.00 |  | 1104.00 |  | 108.00 |  |
| 20251125.0 | 95.00 | 16.00 |  |  |  |  |  |  |  |  | 4299.00 | 71.00 | 994.00 | -110.00 | 145.00 | 37.00 |
| 20251126.0 | 76.00 | -19.00 |  |  |  |  |  |  |  |  | 1692.00 | -2607.00 | 3593.00 | 2599.00 | 149.00 | 4.00 |
| 20251127.0 | 63.00 | -13.00 |  |  |  |  |  |  |  |  | 2790.00 | 1098.00 | 2447.00 | -1146.00 | 197.00 | 48.00 |
| 20251128.0 | 81.00 | 18.00 |  |  |  |  |  |  |  |  | 4122.00 | 1332.00 | 1193.00 | -1254.00 | 118.00 | -79.00 |

## 今日龙头 (综合评分前5)
| 股票简称 | 几天几板 | 综合评分 | 评分等级 |
| --- | --- | --- | --- |
| 通宇通讯 | 2天2板 | 14.49 | E |
| 睿能科技 | 2天2板 | 11.69 | E |
| 和顺石油 | 2天2板 | 11.50 | E |
| 海王生物 | 3天3板 | 10.65 | E |
| 道明光学 | 2天2板 | 10.46 | E |

## 资金龙头 (大单净额前3)
| 股票简称 | 最新dde大单净额 |
| --- | --- |
| 睿能科技 | 148471710.00 |
| 海王生物 | 145234952.00 |
| 通宇通讯 | 97835332.00 |

## 概念热点
华为概念, 消费电子概念

### 热点概念股票
| 股票简称 | 热门概念数量 | 所属概念数量 | 几天几板 | 综合评分 | 评分等级 |
| --- | --- | --- | --- | --- | --- |
| 通宇通讯 | 2 | 20 | 2天2板 | 14.49 | E |
| 睿能科技 | 1 | 16 | 2天2板 | 11.69 | E |
| 和顺石油 | 1 | 7 | 2天2板 | 11.50 | E |
| 道明光学 | 2 | 14 | 2天2板 | 10.46 | E |

## 连板梯队
| 几天几板 | 数量 | 股票 |
| --- | --- | --- |
| 15天10板 | 1 | 国晟科技 |
| 2天2板 | 4 | 和顺石油、睿能科技、通宇通讯、道明光学 |
| 3天3板 | 2 | 海欣食品、海王生物 |
| 4天4板 | 1 | 茂业商业 |
| 5天5板 | 1 | 金富科技 |

## 涨停概念与行业统计

### 概念统计（按涨停家数）
| 概念 | 涨停家数 |
| --- | --- |
| 深股通 | 3 |
| 华为概念 | 3 |
| 消费电子概念 | 3 |
| 福建自贸区 | 2 |
| 固态电池 | 2 |
| 融资融券 | 2 |
| 光伏概念 | 2 |
| 芯片概念 | 2 |
| 储能 | 2 |
| 虚拟电厂 | 2 |
| 汽车电子 | 2 |
| 中俄贸易概念 | 2 |
| 锂电池概念 | 2 |
| 海峡两岸 | 2 |
| 流感 | 1 |

### 行业统计（按涨停家数）
| 行业 | 涨停家数 |
| --- | --- |
| 医药生物-医药商业-医药流通 | 1 |
| 食品饮料-食品加工制造-预加工食品 | 1 |
| 轻工制造-包装印刷-包装 | 1 |
| 商贸零售-零售-百货零售 | 1 |
| 基础化工-塑料制品-膜材料 | 1 |
| 通信-通信设备-通信网络设备及器件 | 1 |
| 石油石化-石油加工贸易-油品石化贸易 | 1 |
| 电子-其他电子-其他电子Ⅲ | 1 |
| 电力设备-光伏设备-光伏电池组件 | 1 |

### 涨停股票列表（含行业与概念）
| 股票简称 | 所属同花顺行业 | 所属概念数量 | 所属概念 |
| --- | --- | --- | --- |
| 海王生物 | 医药生物-医药商业-医药流通 | 9 | 流感;仿制药一致性评价;创新药;冷链物流;医疗器械概念;深股通;融资融券;粤港澳大湾区;维生素 |
| 海欣食品 | 食品饮料-食品加工制造-预加工食品 | 4 | 预制菜;人造肉;海峡两岸;福建自贸区 |
| 金富科技 | 轻工制造-包装印刷-包装 | 1 | None |
| 茂业商业 | 商贸零售-零售-百货零售 | 4 | 信托概念;西部大开发;沪股通;物业管理 |
| 道明光学 | 基础化工-塑料制品-膜材料 | 15 | 石墨烯;固态电池;消费电子概念;新能源汽车;锂电池概念;光伏概念;安防;液冷服务器;华为概念;中俄贸易概念;虚拟现实;AI手机;共同富裕示范区;元宇宙;深股通 |
| 通宇通讯 | 通信-通信设备-通信网络设备及器件 | 22 | 6G概念;铜缆高速连接;F5G概念;WiFi 6;卫星导航;共封装光学(CPO);商业航天;毫米波雷达;5G;消费电子概念;汽车电子;华为概念;无人驾驶;低空经济;虚拟电厂;储能;华为汽车;一带一路;换电概念;中俄贸易概念;深股通;融资融券 |
| 和顺石油 | 石油石化-石油加工贸易-油品石化贸易 | 7 | 俄乌冲突概念;华为数字能源;DeepSeek概念;充电桩;华为概念;高压快充;芯片概念 |
| 睿能科技 | 电子-其他电子-其他电子Ⅲ | 16 | 数字经济;智能家居;海峡两岸;物联网;福建自贸区;新型工业化;机器人概念;汽车电子;工业互联网;消费电子概念;无人机;存储芯片;人形机器人;MCU芯片;工业母机;芯片概念 |
| 国晟科技 | 电力设备-光伏设备-光伏电池组件 | 11 | 硅能源;HJT电池;TOPCON电池;钙钛矿电池;新型城镇化;PPP概念;固态电池;锂电池概念;虚拟电厂;光伏概念;储能 |

## 跌停池

### 概念统计（按跌停家数）
| 概念 | 跌停家数 |
| --- | --- |
| 人工智能 | 6 |
| AI智能体 | 3 |
| 阿里巴巴概念 | 3 |
| 国企改革 | 3 |
| 华为鲲鹏 | 3 |
| 融资融券 | 3 |
| DeepSeek概念 | 3 |
| 数据安全 | 3 |
| 区块链 | 3 |
| 海峡两岸 | 3 |
| 福建自贸区 | 3 |
| 数字经济 | 3 |
| 深股通 | 2 |
| 智慧政务 | 2 |
| 西部大开发 | 2 |

### 行业统计（按跌停家数）
| 行业 | 跌停家数 |
| --- | --- |
| 计算机-IT服务-IT服务Ⅲ | 2 |
| 农林牧渔-养殖业-海洋捕捞 | 1 |
| 计算机-软件开发-垂直应用软件 | 1 |
| 建筑材料-建筑材料-其他建材 | 1 |
| 有色金属-工业金属-铅锌 | 1 |
| 传媒-影视院线-影视院线Ⅲ | 1 |
| 基础化工-塑料制品-膜材料 | 1 |

### 跌停股票列表（含行业与概念）
| 股票简称 | 所属同花顺行业 | 所属概念数量 | 所属概念 |
| --- | --- | --- | --- |
| 中水渔业 | 农林牧渔-养殖业-海洋捕捞 | 6 | 预制菜;央企国企改革;参股保险;人工智能;国企改革;中字头股票 |
| 石基信息 | 计算机-软件开发-垂直应用软件 | 16 | ERP概念;抖音概念(字节概念);阿里巴巴概念;AI智能体;腾讯概念;云计算;移动支付;区块链;DeepSeek概念;人工智能;跨境支付(CIPS);京津冀一体化;旅游概念;深股通;融资融券;证金持股 |
| 榕基软件 | 计算机-IT服务-IT服务Ⅲ | 27 | Web3.0;云办公;华为鲲鹏;智慧政务;在线教育;军工信息化;数据安全;信创;网络安全;区块链;数据要素;鸿蒙概念;核污染防治;数字经济;安防;虚拟现实;福建自贸区;智慧城市;人工智能;海峡两岸;华为概念;军工;物联网;电力物联网;物业管理;智能电网;融资融券 |
| 垒知集团 | 建筑材料-建筑材料-其他建材 | 34 | 海峡两岸;福建自贸区;新型城镇化;地下管网;建筑节能;装配式建筑;房屋检测;水利;数字经济;医疗器械概念;光伏建筑一体化;创新药;数字孪生;算力租赁;一带一路;腾讯概念;人工智能;阿里巴巴概念;DeepSeek概念;ERP概念;AIGC概念;AI智能体;高铁;数据安全;华为欧拉;华为鲲鹏;数据中心;储能;核电;华为昇腾;光伏概念;新能源汽车;机器人概念;汽车电子 |
| 罗平锌电 | 有色金属-工业金属-铅锌 | 8 | 金属锌;金属铅;金属铜;小金属概念;西部大开发;乡村振兴;绿色电力;粮食概念 |
| 实达集团 | 计算机-IT服务-IT服务Ⅲ | 29 | 福建自贸区;国资云;智慧政务;海峡两岸;职业教育;数据要素;AI智能体;华为鲲鹏;阿里巴巴概念;数字经济;区块链;算力租赁;云计算;数据安全;智慧城市;安防;DeepSeek概念;人工智能;国产操作系统;创投;华为概念;东数西算(算力);物联网;无人机;国企改革;虚拟电厂;机器人概念;人形机器人;沪股通 |
| 欢瑞世纪 | 传媒-影视院线-影视院线Ⅲ | 7 | 短剧游戏;文化传媒概念;IP经济(谷子经济);虚拟数字人;AIGC概念;人工智能;西部大开发 |
| 国风新材 | 基础化工-塑料制品-膜材料 | 8 | 光刻胶;装配式建筑;柔性屏(折叠屏);国企改革;芯片概念;新能源汽车;深股通;融资融券 |

## 操作建议
| 类别 | 数量 | 建议 |
| --- | --- | --- |
| S级标的 | 0 | 重点关注 |
| A级标的 | 0 | 适当参与 |
| 高风险标 | 4 | 谨慎对待 |

## 板块资金方向（简明版）

### 板块资金净额榜
| 指数名称 | 指数代码 | 资金净额(亿) | 成交额(亿) | 涨跌幅(%) | 涨停家数 |
| --- | --- | --- | --- | --- | --- |
| 钠离子电池 | 885928.TI | 9.52 | 866.25 | 1.61 | 6 |
| 人造肉 | 885839.TI | 0.44 | 50.19 | 1.92 | 1 |
| 消费电子概念 | 885800.TI | 0.02 | 1956.81 | 1.32 | 12 |
| MicroLED概念 | 885987.TI | -0.09 | 204.22 | 1.98 | 2 |
| 锂电池概念 | 885710.TI | -0.68 | 2673.01 | 1.66 | 13 |
| 钛白粉概念 | 885652.TI | -0.73 | 47.56 | 4.31 | 0 |
| 乳业 | 885462.TI | -2.13 | 70.09 | 2.82 | 0 |
| 固态电池 | 886032.TI | -5.80 | 1511.14 | 1.65 | 10 |
| ST板块 | 885699.TI | -12.42 | 102.90 | 0.87 | 10 |
| 赛马概念 | 885792.TI | -20.55 | 33.64 | -0.03 | 0 |
| 专精特新 | 885929.TI | -44.88 | 2501.41 | 1.28 | 9 |
| 无人机 | 885564.TI | -51.31 | 1803.65 | 1.48 | 6 |
| 储能 | 885921.TI | -67.28 | 2744.10 | 1.38 | 11 |
| 光伏概念 | 885531.TI | -67.59 | 1711.11 | 1.35 | 9 |
| 芯片概念 | 885756.TI | -106.81 | 4588.51 | 1.29 | 13 |
| 机器人概念 | 885517.TI | -127.62 | 3726.56 | 1.24 | 10 |
| 国企改革 | 886021.TI | -161.49 | 4092.47 | 1.17 | 12 |
| 沪股通 | 885520.TI | -182.41 | 5401.63 | 0.94 | 13 |
| 华为概念 | 885806.TI | -189.97 | 4208.68 | 1.23 | 14 |
| 融资融券 | 885338.TI | -396.48 | 13160.19 | 1.04 | 25 |

### 板块涨幅榜
| 指数名称 | 指数代码 | 涨跌幅(%) | 成交额(亿) | 资金净额(亿) | 涨停家数 |
| --- | --- | --- | --- | --- | --- |
| 钛白粉概念 | 885652.TI | 4.31 | 47.56 | -0.73 | 0 |
| 乳业 | 885462.TI | 2.82 | 70.09 | -2.13 | 0 |
| MicroLED概念 | 885987.TI | 1.98 | 204.22 | -0.09 | 2 |
| 人造肉 | 885839.TI | 1.92 | 50.19 | 0.44 | 1 |
| 锂电池概念 | 885710.TI | 1.66 | 2673.01 | -0.68 | 13 |
| 固态电池 | 886032.TI | 1.65 | 1511.14 | -5.80 | 10 |
| 钠离子电池 | 885928.TI | 1.61 | 866.25 | 9.52 | 6 |
| 无人机 | 885564.TI | 1.48 | 1803.65 | -51.31 | 6 |
| 储能 | 885921.TI | 1.38 | 2744.10 | -67.28 | 11 |
| 光伏概念 | 885531.TI | 1.35 | 1711.11 | -67.59 | 9 |
| 消费电子概念 | 885800.TI | 1.32 | 1956.81 | 0.02 | 12 |
| 芯片概念 | 885756.TI | 1.29 | 4588.51 | -106.81 | 13 |
| 专精特新 | 885929.TI | 1.28 | 2501.41 | -44.88 | 9 |
| 机器人概念 | 885517.TI | 1.24 | 3726.56 | -127.62 | 10 |
| 华为概念 | 885806.TI | 1.23 | 4208.68 | -189.97 | 14 |
| 国企改革 | 886021.TI | 1.17 | 4092.47 | -161.49 | 12 |
| 融资融券 | 885338.TI | 1.04 | 13160.19 | -396.48 | 25 |
| 沪股通 | 885520.TI | 0.94 | 5401.63 | -182.41 | 13 |
| ST板块 | 885699.TI | 0.87 | 102.90 | -12.42 | 10 |
| 赛马概念 | 885792.TI | -0.03 | 33.64 | -20.55 | 0 |

## 持仓分析
无当日持仓记录或未匹配到持仓标的