# 20260320 涨停分析报告
## 市场概况
| 指标 | 数值 |
| --- | --- |
| 涨停家数 | 39 |
| 跌停家数 | 23 |
| 上涨家数 | 662 |
| 平盘家数 | 33 |
| 下跌家数 | 4785 |
| 上证涨跌幅(%) | -1.24 |
| 深证涨跌幅(%) | -0.25 |
| 创业板涨跌幅(%) | 1.30 |
| A股总成交额(亿) | 23027.77 |
| 情绪分数 | 32.76 |

## 趋势(近7日)
| 日期 | 涨停家数 | 涨停Δ | 情绪分数 | 情绪MA5 | 上证(%) | 上证Δ | 深证(%) | 深证Δ | 创业板(%) | 创业Δ | 上涨家数 | 上涨Δ | 下跌家数 | 下跌Δ | 平盘家数 | 平盘Δ |
| --- | --- | --- | --- | --- | --- | --- | --- | --- | --- | --- | --- | --- | --- | --- | --- | --- |
| 20260106.0 | 140.00 |  |  |  | 1.50 |  | 1.40 |  | 0.75 |  | 4107.00 |  | 1222.00 |  | 129.00 |  |
| 20260107.0 | 97.00 | -43.00 |  |  | 0.05 | -1.45 | 0.06 | -1.35 | 0.31 | -0.44 | 2172.00 | -1935.00 | 3190.00 | 1968.00 | 97.00 | -32.00 |
| 20260108.0 | 111.00 | 14.00 |  |  | -0.07 | -0.12 | -0.51 | -0.56 | -0.82 | -1.14 | 3730.00 | 1558.00 | 1595.00 | -1595.00 | 133.00 | 36.00 |
| 20260109.0 | 107.00 | -4.00 |  |  | 0.92 | 0.99 | 1.15 | 1.66 | 0.77 | 1.59 | 3920.00 | 190.00 | 1348.00 | -247.00 | 190.00 | 57.00 |
| 20260320.0 | 39.00 | -68.00 |  |  | -1.24 | -2.15 | -0.25 | -1.41 | 1.30 | 0.53 | 662.00 | -3258.00 | 4785.00 | 3437.00 | 33.00 | -157.00 |

## 今日龙头 (综合评分前5)
| 股票简称 | 几天几板 | 综合评分 | 评分等级 |
| --- | --- | --- | --- |
| *ST景峰 | 12天10板 | 3.02 | E |
| 深华发A | 5天5板 | 3.01 | E |
| 云南锗业 | 首板涨停 | 2.75 | E |
| 大胜达 | 3天3板 | 2.69 | E |
| *ST春天 | 5天5板 | 2.22 | E |

## 资金龙头 (大单净额前3)
| 股票简称 | 最新dde大单净额 | 涨停封单量占成交量比 |
| --- | --- | --- |
| 石大胜华 |  | 3.41 |
| 中利集团 |  | 13.45 |
| 广西能源 |  | 0.65 |

## 概念热点
N/A

## 连板梯队
| 几天几板 | 数量 | 股票 |
| --- | --- | --- |
| 12天10板 | 1 | *ST景峰 |
| 23天14板 | 1 | ST金鸿 |
| 2天2板 | 3 | *ST原尚、东方新能、国新能源 |
| 3天3板 | 2 | 大胜达、韶能股份 |
| 4天4板 | 1 | *ST艾艾 |
| 5天3板 | 1 | 国晟科技 |
| 5天5板 | 3 | *ST春天、华电辽能、深华发A |
| 6天4板 | 1 | 京投发展 |
| 8天7板 | 1 | *ST正平 |
| 9天6板 | 1 | 华电能源 |
| 首板涨停 | 24 | *ST万方、*ST岩石、*ST沐邦、*ST沪科、*ST精伦、上能电气、中利集团、云南锗业、兆新股份、共创草坪、华塑控股、市北高新、广西能源、恒天海龙、正泰电源、永臻股份、石大胜华、福然德、美诺华、舒华体育、荣晟环保、豪鹏科技、银星能源、首航新能 |

## 涨停概念与行业统计

### 涨停股票列表（含行业与概念）
| 股票简称 | 股票代码 | 股票价格 | 几天几板 | 流通股 | 换手率 | 封成比 | 涨停原因类别 | 首次涨停时间 | 开板次数 |
| --- | --- | --- | --- | --- | --- | --- | --- | --- | --- |
| 石大胜华 | SH603026 | 75.41 | 首板涨停 | 2.33亿 |  | 3.41 | H股上市+宁德时代+电解液 |  09:38:14 | 2 |
| 中利集团 | SZ002309 | 3.81 | 首板涨停 | 24.06亿 |  | 13.45 | 钙钛矿电池+厦门国资+光伏储能 |  09:35:15 | 0 |
| 广西能源 | SH600310 | 4.88 | 首板涨停 | 14.66亿 |  | 0.65 | 电力+绿色电力+广西国资 |  09:41:28 | 9 |
| 上能电气 | SZ300827 | 44.93 | 首板涨停 | 3.85亿 |  | 1.01 | 光伏设备+储能PCS龙头+一带一路+定增落地 |  10:24:03 | 6 |
| 首航新能 | SZ301658 | 60.35 | 首板涨停 | 0.41亿 |  | 12.75 | 储能+光伏逆变器+全球化布局 |  11:16:54 | 0 |
| 银星能源 | SZ000862 | 8.44 | 首板涨停 | 6.28亿 |  | 6.02 | 风电技改+绿电直连+资产注入+央企 |  11:06:45 | 0 |
| 市北高新 | SH600604 | 5.7 | 首板涨停 | 14.07亿 |  | 4.66 | 创投+数智园区+上海国资 |  13:19:00 | 2 |
| *ST春天 | SH600381 | 3.33 | 5天5板 | 5.87亿 |  | 136.38 | 退市博弈+高端白酒+中药大健康 |  09:25:04 | 0 |
| *ST万方 | SZ000638 | 1.41 | 首板涨停 | 3.10亿 |  | 14.11 | 退市博弈+军工+粮食 |  10:44:39 | 1 |
| *ST沪科 | SH600608 | 2.87 | 首板涨停 | 3.18亿 |  | 63.54 | 花卉转型+扭亏预告+昆明国资 |  09:33:41 | 0 |
| 京投发展 | SH600683 | 10.86 | 6天4板 | 7.41亿 |  | 13.93 | 拟剥离地产+北京国资+TOD轨道物业 |  09:42:30 | 1 |
| *ST艾艾 | SH603580 | 18.18 | 4天4板 | 1.31亿 |  | 0.68 | 退市博弈+轻型输送带+两岸融合 |  14:05:52 | 5 |
| 舒华体育 | SH605299 | 15.29 | 首板涨停 | 4.09亿 |  | 6.18 | 足球概念+体育产业+回购注销 |  10:33:35 | 0 |
| 兆新股份 | SZ002256 | 4.49 | 首板涨停 | 19.51亿 |  | 6.84 | 盐湖提锂+业绩预增+光伏+精细化工 |  09:31:51 | 2 |
| 恒天海龙 | SZ000677 | 4.98 | 首板涨停 | 8.64亿 |  | 10.71 | 低空经济+航空发动机+帘子布+军工材料 |  09:25:00 | 0 |
| 云南锗业 | SZ002428 | 43.46 | 首板涨停 | 6.53亿 |  | 69.06 | 光纤级锗产品+商业航天+锗晶片+磷化铟 |  09:30:00 | 0 |
| 共创草坪 | SH605099 | 42.47 | 首板涨停 | 4.01亿 |  | 9.72 | 足球概念+运动草 |  10:33:18 | 1 |
| 正泰电源 | SZ002150 | 34.88 | 首板涨停 | 3.59亿 |  | 16.15 | 光伏设备+储能一体机+外销 |  09:37:18 | 1 |
| 华电能源 | SH600726 | 5.52 | 9天6板 | 74.75亿 |  | 0.33 | 绿电转型+热电联产+煤炭概念+央企 |  09:34:16 | 7 |
| 国新能源 | SH600617 | 3.99 | 2天2板 | 17.76亿 |  | 8.29 | 天然气+山西管网+山西国资 |  09:36:58 | 1 |
| *ST精伦 | SH600355 | 0.78 | 首板涨停 | 4.92亿 |  | 1.34 | 退市博弈+缝制数控+智能电网 |  10:58:19 | 6 |
| ST金鸿 | SZ000669 | 5.3 | 23天14板 | 6.80亿 |  | 11.60 | 重整预期+天然气+ST板块 |  10:14:00 | 0 |
| *ST景峰 | SZ000908 | 6.45 | 12天10板 | 8.80亿 |  | 1691.74 | 石药入主+摘星申请+创新药 |  09:25:00 | 0 |
| *ST沐邦 | SH603398 | 11.27 | 首板涨停 | 4.34亿 |  | 5.35 | 光伏硅片+预重整+退市博弈 |  10:22:49 | 1 |
| 东方新能 | SZ002310 | 3.48 | 2天2板 | 41.99亿 |  | 2.93 | 重大资产重组+风光电站+资产注入预期+北京国资 |  09:32:12 | 3 |
| 豪鹏科技 | SZ001283 | 67.21 | 首板涨停 | 0.80亿 |  | 1.12 | 储能+机器人+AI端侧+预增 |  13:00:12 | 9 |
| 国晟科技 | SH603778 | 24.21 | 5天3板 | 6.43亿 |  | 1.23 | 异质结光伏+储能+固态电池 |  11:17:33 | 9 |
| 永臻股份 | SH603381 | 28.22 | 首板涨停 | 1.42亿 |  | 1.88 | 越南满产+人形机器人+光伏边框+储能 |  13:00:22 | 1 |
| *ST正平 | SH603843 | 8.11 | 8天7板 | 7.00亿 |  | 1.09 | 算力租赁+重整进展+基建转型 |  09:33:09 | 5 |
| 深华发A | SZ000020 | 23.33 | 5天5板 | 1.81亿 |  | 434.92 | 深圳旧改+液晶显示+物业经营 |  09:25:00 | 0 |
| 福然德 | SH605050 | 14.43 | 首板涨停 | 4.93亿 |  | 0.13 | 人形机器人+汽车轻量化+汽车板材 |  09:47:34 | 9 |
| 华塑控股 | SZ000509 | 4.54 | 首板涨停 | 10.73亿 |  | 28.31 | 工业母机+双碳+湖北国资 |  09:56:18 | 0 |
| *ST岩石 | SH600696 | 1.65 | 首板涨停 | 3.34亿 |  | 14.03 | 退市博弈+酱香型白酒 |  09:38:13 | 1 |
| 韶能股份 | SZ000601 | 8.14 | 3天3板 | 10.50亿 |  | 28.69 | 算电协同+储能+生物质发电 |  09:30:30 | 0 |
| 荣晟环保 | SH603165 | 14.96 | 首板涨停 | 3.12亿 |  | 5.28 | 间接投资宇树科技+芯片+再生纸+高股息 |  10:07:18 | 1 |
| 大胜达 | SH603687 | 13.39 | 3天3板 | 5.50亿 |  | 586.64 | 拟投GPU+钙钛矿设备+参股曲速科技+纸包装 |  09:25:02 | 0 |
| *ST原尚 | SH603813 | 32.16 | 2天2板 | 1.05亿 |  | 84.94 | 超跌反弹+氢能物流+电商物流 |  09:30:25 | 0 |
| 美诺华 | SH603538 | 27.84 | 首板涨停 | 2.16亿 |  | 8.17 | 减肥药+特色原料药+集采中选+业绩预增 |  09:31:50 | 1 |
| 华电辽能 | SH600396 | 6.26 | 5天5板 | 14.73亿 |  | 3.57 | 绿电+氢能+央企 |  09:33:26 | 8 |

## 跌停池

### 概念统计（按跌停家数）
| 概念 | 跌停家数 |
| --- | --- |
| 融资融券 | 6 |
| 国企改革 | 5 |
| 深股通 | 4 |
| 沪股通 | 4 |
| 东数西算(算力) | 3 |
| 华为概念 | 3 |
| 煤化工概念 | 3 |
| 一带一路 | 3 |
| 芯片概念 | 3 |
| 水泥概念 | 2 |
| 算力租赁 | 2 |
| 新能源汽车 | 2 |
| 锂电池概念 | 2 |
| DeepSeek概念 | 2 |
| 充电桩 | 2 |

### 行业统计（按跌停家数）
| 行业 | 跌停家数 |
| --- | --- |
| 基础化工-化学制品-聚氨酯 | 1 |
| 基础化工-化学原料-煤化工 | 1 |
| 计算机-IT服务-IT服务Ⅲ | 1 |
| 有色金属-工业金属-铜 | 1 |
| 汽车-汽车零部件-底盘与发动机系统 | 1 |
| 电子-消费电子-消费电子零部件及组装 | 1 |
| 石油石化-石油加工贸易-油品石化贸易 | 1 |
| 轻工制造-包装印刷-包装 | 1 |
| 房地产-房地产-住宅开发 | 1 |
| 基础化工-化学纤维-涤纶 | 1 |
| 基础化工-化学原料-其他化学原料 | 1 |
| 基础化工-农化制品-氮肥 | 1 |
| 基础化工-农化制品-复合肥 | 1 |

### 跌停股票列表（含行业与概念）
| 股票简称 | 所属同花顺行业 | 所属概念数量 | 所属概念 |
| --- | --- | --- | --- |
| 红宝丽 | 基础化工-化学制品-聚氨酯 | 6 | 环氧丙烷;水泥概念;建筑节能;医疗器械概念;深股通;融资融券 |
| 金牛化工 | 基础化工-化学原料-煤化工 | 5 | 煤化工概念;国企改革;融资融券;京津冀一体化;风电 |
| 超讯通信 | 计算机-IT服务-IT服务Ⅲ | 24 | 算力租赁;东数西算(算力);多模态AI;AIGC概念;智慧城市;物联网;快手概念;Sora概念(文生视频);数据要素;人工智能;智慧灯杆;DeepSeek概念;华为概念;低空经济;数据中心;5G;移动支付;粤港澳大湾区;智能物流;芯片概念;充电桩;一带一路;AI应用;沪股通 |
| 众源新材 | 有色金属-工业金属-铜 | 6 | 锂电池概念;固态电池;3D打印;新能源汽车;高端装备;融资融券 |
| 雪龙集团 | 汽车-汽车零部件-底盘与发动机系统 | 7 | 汽车热管理;新能源汽车;专精特新;农机;创投;军工;乡村振兴 |
| 利通电子 | 电子-消费电子-消费电子零部件及组装 | 14 | 算力租赁;液冷服务器;东数西算(算力);英伟达概念;云计算;腾讯概念;芯片概念;华为概念;消费电子概念;2025年报预增;小米概念;军工;OLED;沪股通 |
| 和顺石油 | 石油石化-石油加工贸易-油品石化贸易 | 8 | 俄乌冲突概念;华为数字能源;DeepSeek概念;充电桩;华为概念;高压快充;芯片概念;存储芯片 |
| 顺灏股份 | 轻工制造-包装印刷-包装 | 12 | 商业航天;卫星导航;东数西算(算力);工业大麻;土壤修复;新型烟草(电子烟);一带一路;回购增持再贷款概念;生态农业;跨境电商;深股通;融资融券 |
| 合肥城建 | 房地产-房地产-住宅开发 | 9 | 长三角一体化;新型城镇化;创投;国企改革;租售同权;独角兽概念;物业管理;养老概念;深股通 |
| 三房巷 | 基础化工-化学纤维-涤纶 | 1 | 沪股通 |
| 兴化股份 | 基础化工-化学原料-其他化学原料 | 4 | 煤化工概念;西部大开发;国企改革;融资融券 |
| 潞化科技 | 基础化工-农化制品-氮肥 | 16 | 煤化工概念;化肥;磷化工;天然气;消毒剂;国企改革;氢能源;回购增持再贷款概念;一带一路;燃料电池;光伏概念;储能;机器人概念;股权转让(并购重组);沪股通;融资融券 |
| 金正大 | 基础化工-农化制品-复合肥 | 10 | 化肥;磷化工;生态农业;农村电商;水泥概念;土壤修复;乡村振兴;国企改革;锂电池概念;深股通 |

## 操作建议
| 类别 | 数量 | 建议 |
| --- | --- | --- |
| S级标的 | 0 | 重点关注 |
| A级标的 | 0 | 适当参与 |
| 高风险标 | 0 | 谨慎对待 |

### 仓位建议分档
| 情绪分数 | 建议仓位 |
| --- | --- |
| 32.76 | 防守型 |

## 板块资金方向（简明版）

### 板块资金净额榜
| 指数名称 | 指数代码 | 资金净额(亿) | 成交额(亿) | 涨跌幅(%) | 涨停家数 |
| --- | --- | --- | --- | --- | --- |
| HJT电池 | 885878.TI | 43.62 | 693.47 | 0.30 | 1 |
| BC电池 | 886053.TI | 42.80 | 682.09 | 1.46 | 0 |
| TOPCON电池 | 886007.TI | 38.52 | 851.55 | 0.40 | 3 |
| 钙钛矿电池 | 886006.TI | 27.58 | 1020.51 | 0.12 | 3 |
| 两轮车 | 885974.TI | 16.30 | 386.76 | -1.40 | 1 |
| ST板块 | 885699.TI | -27.92 | 148.87 | -1.40 | 11 |
| 锂电池概念 | 885710.TI | -48.30 | 4203.73 | -1.49 | 6 |
| 充电桩 | 885461.TI | -74.11 | 2414.33 | -1.80 | 6 |
| 光伏概念 | 885531.TI | -74.14 | 4063.94 | -1.35 | 10 |
| 绿色电力 | 885936.TI | -96.99 | 2611.09 | -1.10 | 9 |
| 人民币贬值受益 | 885840.TI | -103.87 | 3848.74 | -1.97 | 7 |
| 西部大开发 | 886086.TI | -119.18 | 3008.20 | -2.14 | 6 |
| 储能 | 885921.TI | -133.44 | 5956.25 | -1.42 | 11 |
| 新能源汽车 | 885431.TI | -134.53 | 5380.79 | -2.07 | 5 |
| 风电 | 885641.TI | -136.26 | 3097.18 | -1.89 | 7 |
| 沪股通 | 885520.TI | -404.09 | 8537.82 | -1.69 | 9 |
| 人工智能 | 885728.TI | -448.83 | 4732.38 | -2.97 | 6 |
| 国企改革 | 886021.TI | -452.23 | 6492.32 | -2.05 | 12 |
| 深股通 | 885694.TI | -467.44 | 11507.90 | -2.18 | 10 |
| 融资融券 | 885338.TI | -837.87 | 20183.15 | -2.10 | 12 |

### 板块涨幅榜
| 指数名称 | 指数代码 | 涨跌幅(%) | 成交额(亿) | 资金净额(亿) | 涨停家数 |
| --- | --- | --- | --- | --- | --- |
| BC电池 | 886053.TI | 1.46 | 682.09 | 42.80 | 0 |
| TOPCON电池 | 886007.TI | 0.40 | 851.55 | 38.52 | 3 |
| HJT电池 | 885878.TI | 0.30 | 693.47 | 43.62 | 1 |
| 钙钛矿电池 | 886006.TI | 0.12 | 1020.51 | 27.58 | 3 |
| 绿色电力 | 885936.TI | -1.10 | 2611.09 | -96.99 | 9 |
| 光伏概念 | 885531.TI | -1.35 | 4063.94 | -74.14 | 10 |
| ST板块 | 885699.TI | -1.40 | 148.87 | -27.92 | 11 |
| 两轮车 | 885974.TI | -1.40 | 386.76 | 16.30 | 1 |
| 储能 | 885921.TI | -1.42 | 5956.25 | -133.44 | 11 |
| 锂电池概念 | 885710.TI | -1.49 | 4203.73 | -48.30 | 6 |
| 沪股通 | 885520.TI | -1.69 | 8537.82 | -404.09 | 9 |
| 充电桩 | 885461.TI | -1.80 | 2414.33 | -74.11 | 6 |
| 风电 | 885641.TI | -1.89 | 3097.18 | -136.26 | 7 |
| 人民币贬值受益 | 885840.TI | -1.97 | 3848.74 | -103.87 | 7 |
| 国企改革 | 886021.TI | -2.05 | 6492.32 | -452.23 | 12 |
| 新能源汽车 | 885431.TI | -2.07 | 5380.79 | -134.53 | 5 |
| 融资融券 | 885338.TI | -2.10 | 20183.15 | -837.87 | 12 |
| 西部大开发 | 886086.TI | -2.14 | 3008.20 | -119.18 | 6 |
| 深股通 | 885694.TI | -2.18 | 11507.90 | -467.44 | 10 |
| 人工智能 | 885728.TI | -2.97 | 4732.38 | -448.83 | 6 |

## 持仓分析
无当日持仓记录或未匹配到持仓标的