# 20251124 涨停分析报告
## 市场概况
| 指标 | 数值 |
| --- | --- |
| 涨停家数 | 79 |
| 跌停家数 | 33 |
| 上涨家数 | 4228 |
| 平盘家数 | 108 |
| 下跌家数 | 1104 |
| 上证涨跌幅(%) | 0.05 |
| 深证涨跌幅(%) | 0.38 |
| 创业板涨跌幅(%) | 0.31 |
| A股总成交额(亿) | 17403.47 |
| 情绪分数 | 65.62 |

## 趋势(近7日)
| 日期 | 涨停家数 | 涨停Δ | 情绪分数 | 情绪MA5 | 上证(%) | 上证Δ | 深证(%) | 深证Δ | 创业板(%) | 创业Δ | 上涨家数 | 上涨Δ | 下跌家数 | 下跌Δ | 平盘家数 | 平盘Δ |
| --- | --- | --- | --- | --- | --- | --- | --- | --- | --- | --- | --- | --- | --- | --- | --- | --- |
| 20251126.0 | 76.00 |  |  |  | -0.15 |  | 1.02 |  | 2.14 |  | 1692.00 |  | 3593.00 |  | 149.00 |  |
| 20251127.0 | 63.00 | -13.00 |  |  | 0.29 | 0.44 | -0.25 | -1.27 | -0.44 | -2.58 | 2790.00 | 1098.00 | 2447.00 | -1146.00 | 197.00 | 48.00 |
| 20251128.0 | 81.00 | 18.00 |  |  | 0.34 | 0.06 | 0.85 | 1.10 | 0.70 | 1.14 | 4122.00 | 1332.00 | 1193.00 | -1254.00 | 118.00 | -79.00 |
| 20251201.0 | 75.00 | -6.00 |  |  | 0.65 | 0.31 | 1.25 | 0.41 | 1.31 | 0.60 | 3398.00 | -724.00 | 1872.00 | 679.00 | 162.00 | 44.00 |
| 20251202.0 | 54.00 | -21.00 |  |  | -0.42 | -1.07 | -0.68 | -1.94 | -0.69 | -2.00 | 1544.00 | -1854.00 | 3740.00 | 1868.00 | 152.00 | -10.00 |

## 今日龙头 (综合评分前5)
| 股票简称 | 几天几板 | 综合评分 | 评分等级 |
| --- | --- | --- | --- |
| 航天发展 | 13天9板 | 16.12 | E |
| 实达集团 | 9天6板 | 15.34 | E |
| 世联行 | 3天2板 | 14.97 | E |
| 齐心集团 | None | 14.08 | E |
| 雷科防务 | 7天6板 | 13.41 | E |

## 资金龙头 (大单净额前3)
| 股票简称 | 最新dde大单净额 |
| --- | --- |
| 航天发展 | 318386980.00 |
| 世联行 | 257090170.00 |
| 招标股份 | 202311936.00 |

## 概念热点
人工智能, 国企改革, 智慧政务, 芯片概念, 华为概念

### 热点概念股票
| 股票简称 | 热门概念数量 | 所属概念数量 | 几天几板 | 综合评分 | 评分等级 |
| --- | --- | --- | --- | --- | --- |
| 航天发展 | 17 | 32 | 13天9板 | 16.12 | E |
| 实达集团 | 15 | 28 | 9天6板 | 15.34 | E |
| 世联行 | 3 | 12 | 3天2板 | 14.97 | E |
| 齐心集团 | 6 | 18 | None | 14.08 | E |
| 雷科防务 | 10 | 25 | 7天6板 | 13.41 | E |
| 国风新材 | 2 | 8 | 10天6板 | 13.24 | E |
| 恒银科技 | 7 | 20 | 首板涨停 | 12.58 | E |
| 招标股份 | 12 | 28 | 首板涨停 | 12.47 | E |
| 梦天家居 | 1 | 4 | 10天7板 | 9.54 | E |
| 圣晖集成 | 2 | 5 | 首板涨停 | 8.43 | E |
| 高乐股份 | 1 | 8 | 首板涨停 | 7.86 | E |

## 连板梯队
| 几天几板 | 数量 | 股票 |
| --- | --- | --- |
| 10天6板 | 1 | 国风新材 |
| 10天7板 | 1 | 梦天家居 |
| 13天9板 | 1 | 航天发展 |
| 3天2板 | 1 | 世联行 |
| 7天6板 | 1 | 雷科防务 |
| 7天7板 | 1 | 金富科技 |
| 9天6板 | 1 | 实达集团 |
| 首板涨停 | 4 | 圣晖集成、恒银科技、招标股份、高乐股份 |

## 涨停概念与行业统计

### 概念统计（按涨停家数）
| 概念 | 涨停家数 |
| --- | --- |
| 人工智能 | 7 |
| 融资融券 | 6 |
| 智慧政务 | 5 |
| 国企改革 | 5 |
| 华为概念 | 5 |
| 芯片概念 | 5 |
| 深股通 | 5 |
| 无人机 | 4 |
| 数字经济 | 4 |
| 海峡两岸 | 4 |
| DeepSeek概念 | 4 |
| 卫星导航 | 3 |
| 智慧城市 | 3 |
| 低空经济 | 3 |
| 信创 | 3 |

### 行业统计（按涨停家数）
| 行业 | 涨停家数 |
| --- | --- |
| 轻工制造-家居用品-文娱用品 | 2 |
| 国防军工-军工电子-军工电子Ⅲ | 2 |
| 计算机-计算机设备-其他计算机设备 | 1 |
| 建筑装饰-建筑装饰-工程咨询服务 | 1 |
| 基础化工-塑料制品-膜材料 | 1 |
| 轻工制造-包装印刷-包装 | 1 |
| 建筑装饰-建筑装饰-专业工程 | 1 |
| 轻工制造-家居用品-定制家居 | 1 |
| 房地产-房地产-房地产服务 | 1 |
| 计算机-IT服务-IT服务Ⅲ | 1 |

### 涨停股票列表（含行业与概念）
| 股票简称 | 所属同花顺行业 | 所属概念数量 | 所属概念 |
| --- | --- | --- | --- |
| 招标股份 | 建筑装饰-建筑装饰-工程咨询服务 | 29 | 海峡两岸;福建自贸区;房屋检测;地下管网;时空大数据;数字乡村;水利;智慧政务;新型城镇化;土壤修复;数据要素;乡村振兴;数字孪生;数字经济;智慧城市;商业航天;卫星导航;碳中和;车联网(车路协同);人工智能;污水处理;海工装备;低空经济;国企改革;无人机;物联网;虚拟现实;数据中心;融资融券 |
| 恒银科技 | 计算机-计算机设备-其他计算机设备 | 20 | 人脸识别;智能医疗;智慧政务;虚拟数字人;区块链;AIGC概念;智慧城市;互联网金融;人工智能;鸿蒙概念;天津自贸区;云计算;华为鲲鹏;数据安全;京津冀一体化;信创;语音技术;雄安新区;物业管理;国产操作系统 |
| 航天发展 | 国防军工-军工电子-军工电子Ⅲ | 34 | 军工信息化;军民融合;海峡两岸;福建自贸区;商业航天;华为鲲鹏;智慧政务;华为欧拉;网络安全;卫星导航;军工;数据安全;信创;安防;多模态AI;无人机;数字经济;元宇宙;低空经济;人工智能;MR(混合现实);虚拟现实;乡村振兴;东数西算(算力);DeepSeek概念;海工装备;华为概念;央企国企改革;5G;国企改革;芯片概念;风电;深股通;融资融券 |
| 金富科技 | 轻工制造-包装印刷-包装 | 1 | None |
| 国风新材 | 基础化工-塑料制品-膜材料 | 10 | 光刻胶;装配式建筑;国企改革;柔性屏(折叠屏);芯片概念;新能源汽车;雄安新区;一带一路;深股通;融资融券 |
| 圣晖集成 | 建筑装饰-建筑装饰-专业工程 | 5 | 富士康概念;芯片概念;中芯国际概念;海峡两岸;一带一路 |
| 梦天家居 | 轻工制造-家居用品-定制家居 | 4 | 芯片概念;智能家居;工业互联网;参股银行 |
| 高乐股份 | 轻工制造-家居用品-文娱用品 | 8 | 三胎概念;IP经济(谷子经济);跨境电商;在线教育;人工智能;机器人概念;钠离子电池;固态电池 |
| 雷科防务 | 国防军工-军工电子-军工电子Ⅲ | 27 | 太赫兹;军工信息化;商业航天;卫星导航;6G概念;军民融合;数据要素;大飞机;军工;车联网(车路协同);无人机;人工智能;DeepSeek概念;京津冀一体化;东数西算(算力);华为概念;低空经济;毫米波雷达;无人驾驶;5G;养老概念;芯片概念;汽车电子;存储芯片;比亚迪概念;深股通;融资融券 |
| 世联行 | 房地产-房地产-房地产服务 | 14 | 租售同权;特色小镇;化债概念(AMC概念);物业管理;新型城镇化;横琴新区;互联网金融;养老概念;国企改革;云计算;粤港澳大湾区;华为概念;深股通;融资融券 |
| 实达集团 | 计算机-IT服务-IT服务Ⅲ | 29 | 智慧政务;国资云;AI智能体;数据要素;阿里巴巴概念;算力租赁;华为鲲鹏;区块链;职业教育;云计算;福建自贸区;数字经济;数据安全;海峡两岸;智慧城市;DeepSeek概念;国产操作系统;人工智能;安防;东数西算(算力);创投;华为概念;物联网;国企改革;无人机;机器人概念;虚拟电厂;人形机器人;沪股通 |
| 齐心集团 | 轻工制造-家居用品-文娱用品 | 20 | 虚拟数字人;IP经济(谷子经济);在线教育;云办公;文化传媒概念;跨境电商;百度概念;智慧政务;数字经济;腾讯概念;人工智能;信创;DeepSeek概念;医疗器械概念;智能物流;华为概念;粤港澳大湾区;AI眼镜;深股通;融资融券 |

## 跌停池

### 概念统计（按跌停家数）
| 概念 | 跌停家数 |
| --- | --- |
| 融资融券 | 9 |
| 深股通 | 8 |
| 锂电池概念 | 7 |
| 乡村振兴 | 5 |
| 海峡两岸 | 5 |
| 新型城镇化 | 4 |
| 旅游概念 | 4 |
| 比亚迪概念 | 4 |
| 2025中报预增 | 4 |
| 小金属概念 | 4 |
| 西部大开发 | 4 |
| 创投 | 4 |
| 新能源汽车 | 3 |
| 人民币贬值受益 | 3 |
| 机器人概念 | 3 |

### 行业统计（按跌停家数）
| 行业 | 跌停家数 |
| --- | --- |
| 房地产-房地产-产业地产 | 1 |
| 轻工制造-家居用品-定制家居 | 1 |
| 农林牧渔-种植业与林业-林业 | 1 |
| 医药生物-医药商业-医药流通 | 1 |
| 汽车-汽车整车-乘用车 | 1 |
| 电力设备-电网设备-输变电设备 | 1 |
| 综合-综合-综合Ⅲ | 1 |
| 纺织服饰-服装家纺-服装 | 1 |
| 公用事业-燃气-燃气Ⅲ | 1 |
| 纺织服饰-服装家纺-饰品 | 1 |
| 房地产-房地产-住宅开发 | 1 |
| 汽车-汽车零部件-其他汽车零部件 | 1 |
| 轻工制造-家居用品-其他家居用品 | 1 |
| 农林牧渔-养殖业-其他养殖 | 1 |
| 电子-半导体-数字芯片设计 | 1 |

### 跌停股票列表（含行业与概念）
| 股票简称 | 所属同花顺行业 | 所属概念数量 | 所属概念 |
| --- | --- | --- | --- |
| 华夏幸福 | 房地产-房地产-产业地产 | 13 | 特色小镇;京津冀一体化;雄安新区;新型城镇化;PPP概念;智慧城市;人工智能;DeepSeek概念;机器人概念;低空经济;沪股通;融资融券;股权转让(并购重组) |
| 好莱客 | 轻工制造-家居用品-定制家居 | 2 | IP经济(谷子经济);智能家居 |
| 平潭发展 | 农林牧渔-种植业与林业-林业 | 9 | 海峡两岸;福建自贸区;化肥;旅游概念;乡村振兴;民营医院;合成生物;深股通;融资融券 |
| 合富中国 | 医药生物-医药商业-医药流通 | 5 | 海峡两岸;猴痘概念;长三角一体化;智能医疗;人工智能 |
| 海马汽车 | 汽车-汽车整车-乘用车 | 18 | 海南自贸区;自由贸易港;网约车;充电桩;参股银行;绿色电力;乡村振兴;碳中和;氢能源;燃料电池;中俄贸易概念;新能源汽车;人民币贬值受益;百度概念;无人驾驶;车联网(车路协同);融资融券;深股通 |
| 洛凯股份 | 电力设备-电网设备-输变电设备 | 3 | 储能;智能电网;光伏概念 |
| 三木集团 | 综合-综合-综合Ⅲ | 9 | 特色小镇;物业管理;海峡两岸;福建自贸区;旅游概念;露营经济;跨境电商;国企改革;创投 |
| 九牧王 | 纺织服饰-服装家纺-服装 | 7 | 海峡两岸;福建自贸区;网红经济;IP经济(谷子经济);2025中报预增;融资融券;沪股通 |
| 胜利股份 | 公用事业-燃气-燃气Ⅲ | 7 | 页岩气;天然气;俄乌冲突概念;合成生物;新型城镇化;地下管网;股权转让(并购重组) |
| 深中华A | 纺织服饰-服装家纺-饰品 | 6 | 黄金概念;2025中报预增;两轮车;粤港澳大湾区;锂电池概念;智能穿戴 |
| 合肥城建 | 房地产-房地产-住宅开发 | 9 | 租售同权;物业管理;新型城镇化;国企改革;长三角一体化;创投;独角兽概念;养老概念;深股通 |
| 英利汽车 | 汽车-汽车零部件-其他汽车零部件 | 6 | 海峡两岸;长安汽车概念;锂电池概念;新能源汽车;比亚迪概念;沪股通 |
| 华瓷股份 | 轻工制造-家居用品-其他家居用品 | 10 | NFT概念;跨境电商;牙科医疗;参股银行;人民币贬值受益;柔性直流输电;华为概念;特高压;智能穿戴;消费电子概念 |
| 华英农业 | 农林牧渔-养殖业-其他养殖 | 9 | 养鸡;生态农业;农村电商;预制菜;土地流转;乡村振兴;食品安全;区块链;深股通 |
| 大为股份 | 电子-半导体-数字芯片设计 | 15 | 存储芯片;小金属概念;汽车芯片;WiFi 6;硅能源;PCB概念;芯片概念;锂电池概念;信创;消费电子概念;创投;比亚迪概念;无人驾驶;粤港澳大湾区;新能源汽车 |
| 豪尔赛 | 建筑装饰-建筑装饰-装饰园林 | 18 | 物业管理;新型城镇化;旅游概念;雄安新区;碳中和;换电概念;储能;高压快充;充电桩;智慧灯杆;数字孪生;智慧城市;物联网;腾讯概念;阿里巴巴概念;华为概念;数据中心;液冷服务器 |
| 德新科技 | 电力设备-电池-锂电专用设备 | 10 | 固态电池;锂电池概念;2025三季报预增;减速器;比亚迪概念;新疆振兴;西部大开发;2025中报预增;机器人概念;融资融券 |
| 国城矿业 | 有色金属-工业金属-铅锌 | 12 | 钛白粉概念;金属锌;金属铅;小金属概念;金属铜;黄金概念;锂电池概念;西部大开发;2025中报预增;深股通;股权转让(并购重组);融资融券 |
| 中坚科技 | 机械设备-专用设备-农用机械 | 6 | 机器人概念;人民币贬值受益;华为概念;乡村振兴;融资融券;深股通 |
| 晨光新材 | 基础化工-化学制品-有机硅 | 4 | 有机硅概念;硅能源;专精特新;融资融券 |
| 盛新锂能 | 有色金属-能源金属-锂 | 10 | 盐湖提锂;小金属概念;固态电池;锂电池概念;宁德时代概念;回购增持再贷款概念;西部大开发;比亚迪概念;深股通;融资融券 |
| 大中矿业 | 钢铁-钢铁-冶钢原料 | 16 | 金属锌;金属铅;小金属概念;固态电池;锂电池概念;金属回收;绿色电力;参股银行;西部大开发;储能;回购增持再贷款概念;乡村振兴;旅游概念;创投;职业教育;深股通 |

## 操作建议
| 类别 | 数量 | 建议 |
| --- | --- | --- |
| S级标的 | 0 | 重点关注 |
| A级标的 | 0 | 适当参与 |
| 高风险标 | 2 | 谨慎对待 |

### 仓位建议分档
| 情绪分数 | 建议仓位 |
| --- | --- |
| 65.62 | 均衡型 |

## 板块资金方向（简明版）

### 板块资金净额榜
| 指数名称 | 指数代码 | 资金净额(亿) | 成交额(亿) | 涨跌幅(%) | 涨停家数 |
| --- | --- | --- | --- | --- | --- |
| 融资融券 | 885338.TI | 174.09 | 13184.19 | -0.72 | 34 |
| 深股通 | 885694.TI | 164.16 | 7386.10 | -0.66 | 16 |
| 人工智能 | 885728.TI | 147.92 | 4143.14 | -0.67 | 26 |
| DeepSeek概念 | 886100.TI | 128.39 | 2911.19 | -0.71 | 17 |
| 军工 | 885700.TI | 123.03 | 2277.89 | -0.37 | 15 |
| 华为概念 | 885806.TI | 104.26 | 4331.42 | -0.69 | 16 |
| 军民融合 | 885743.TI | 100.16 | 1033.31 | -0.17 | 10 |
| 无人机 | 885564.TI | 76.28 | 2164.54 | -0.29 | 11 |
| 商业航天 | 886078.TI | 75.07 | 1770.28 | 0.02 | 12 |
| 卫星导航 | 885574.TI | 60.68 | 1341.82 | 0.05 | 10 |
| 车联网(车路协同) | 885662.TI | 59.27 | 1385.50 | -0.46 | 8 |
| 数字经济 | 885976.TI | 55.62 | 1919.49 | -0.49 | 15 |
| 区块链 | 885757.TI | 41.94 | 1349.44 | -0.72 | 11 |
| 国企改革 | 886021.TI | 36.40 | 4134.79 | -0.25 | 29 |
| 军工信息化 | 886076.TI | 29.73 | 544.05 | 0.17 | 7 |
| 太赫兹 | 886043.TI | 9.05 | 493.86 | 1.79 | 1 |
| 工业大麻 | 885818.TI | 1.10 | 64.51 | 0.07 | 0 |
| 沪股通 | 885520.TI | -1.77 | 5201.95 | -0.56 | 20 |
| ST板块 | 885699.TI | -2.24 | 121.57 | -0.63 | 13 |
| 海峡两岸 | 885939.TI | -20.58 | 1974.87 | 1.39 | 12 |

### 板块涨幅榜
| 指数名称 | 指数代码 | 涨跌幅(%) | 成交额(亿) | 资金净额(亿) | 涨停家数 |
| --- | --- | --- | --- | --- | --- |
| 太赫兹 | 886043.TI | 1.79 | 493.86 | 9.05 | 1 |
| 海峡两岸 | 885939.TI | 1.39 | 1974.87 | -20.58 | 12 |
| 军工信息化 | 886076.TI | 0.17 | 544.05 | 29.73 | 7 |
| 工业大麻 | 885818.TI | 0.07 | 64.51 | 1.10 | 0 |
| 卫星导航 | 885574.TI | 0.05 | 1341.82 | 60.68 | 10 |
| 商业航天 | 886078.TI | 0.02 | 1770.28 | 75.07 | 12 |
| 军民融合 | 885743.TI | -0.17 | 1033.31 | 100.16 | 10 |
| 国企改革 | 886021.TI | -0.25 | 4134.79 | 36.40 | 29 |
| 无人机 | 885564.TI | -0.29 | 2164.54 | 76.28 | 11 |
| 军工 | 885700.TI | -0.37 | 2277.89 | 123.03 | 15 |
| 车联网(车路协同) | 885662.TI | -0.46 | 1385.50 | 59.27 | 8 |
| 数字经济 | 885976.TI | -0.49 | 1919.49 | 55.62 | 15 |
| 沪股通 | 885520.TI | -0.56 | 5201.95 | -1.77 | 20 |
| ST板块 | 885699.TI | -0.63 | 121.57 | -2.24 | 13 |
| 深股通 | 885694.TI | -0.66 | 7386.10 | 164.16 | 16 |
| 人工智能 | 885728.TI | -0.67 | 4143.14 | 147.92 | 26 |
| 华为概念 | 885806.TI | -0.69 | 4331.42 | 104.26 | 16 |
| DeepSeek概念 | 886100.TI | -0.71 | 2911.19 | 128.39 | 17 |
| 融资融券 | 885338.TI | -0.72 | 13184.19 | 174.09 | 34 |
| 区块链 | 885757.TI | -0.72 | 1349.44 | 41.94 | 11 |

## 持仓分析
无当日持仓记录或未匹配到持仓标的