# 20251124 涨停分析报告
## 市场概况
| 指标 | 数值 |
| --- | --- |
| 涨停家数 | 79 |
| 跌停家数 | 33 |
| 上涨家数 | 4228 |
| 平盘家数 | 108 |
| 下跌家数 | 1104 |
| 上证涨跌幅(%) | N/A |
| 深证涨跌幅(%) | N/A |
| 创业板涨跌幅(%) | N/A |
| A股总成交额(亿) | N/A |
| 情绪分数 | N/A |

## 趋势(近7日)
| 日期 | 涨停家数 | 涨停Δ | 情绪分数 | 情绪MA5 | 上证(%) | 上证Δ | 深证(%) | 深证Δ | 创业板(%) | 创业Δ | 上涨家数 | 上涨Δ | 下跌家数 | 下跌Δ | 平盘家数 | 平盘Δ |
| --- | --- | --- | --- | --- | --- | --- | --- | --- | --- | --- | --- | --- | --- | --- | --- | --- |
| 20251124.0 | 79.00 |  |  |  |  |  |  |  |  |  | 4228.00 |  | 1104.00 |  | 108.00 |  |
| 20251125.0 | 95.00 | 16.00 |  |  |  |  |  |  |  |  | 4299.00 | 71.00 | 994.00 | -110.00 | 145.00 | 37.00 |
| 20251126.0 | 76.00 | -19.00 |  |  |  |  |  |  |  |  | 1692.00 | -2607.00 | 3593.00 | 2599.00 | 149.00 | 4.00 |
| 20251127.0 | 63.00 | -13.00 |  |  |  |  |  |  |  |  | 2790.00 | 1098.00 | 2447.00 | -1146.00 | 197.00 | 48.00 |
| 20251128.0 | 81.00 | 18.00 |  |  |  |  |  |  |  |  | 4122.00 | 1332.00 | 1193.00 | -1254.00 | 118.00 | -79.00 |

## 今日龙头 (综合评分前5)
| 股票简称 | 几天几板 | 综合评分 | 评分等级 |
| --- | --- | --- | --- |
| 久其软件 | None | 16.61 | E |
| 航天发展 | 11天7板 | 16.12 | E |
| 北新路桥 | 首板涨停 | 15.08 | E |
| 航天环宇 | 首板涨停 | 14.84 | E |
| 世联行 | 首板涨停 | 14.82 | E |

## 资金龙头 (大单净额前3)
| 股票简称 | 最新dde大单净额 |
| --- | --- |
| 航天发展 | 1073089600.00 |
| 广汽集团 | 567337343.00 |
| 雷科防务 | 406097050.00 |

## 概念热点
华为概念, 国企改革, 低空经济, DeepSeek概念, 无人机

### 热点概念股票
| 股票简称 | 热门概念数量 | 所属概念数量 | 几天几板 | 综合评分 | 评分等级 |
| --- | --- | --- | --- | --- | --- |
| 久其软件 | 8 | 34 | None | 16.61 | E |
| 航天发展 | 15 | 32 | 11天7板 | 16.12 | E |
| 北新路桥 | 4 | 12 | 首板涨停 | 15.08 | E |
| 航天环宇 | 5 | 7 | 首板涨停 | 14.84 | E |
| 世联行 | 3 | 12 | 首板涨停 | 14.82 | E |
| 雷科防务 | 15 | 25 | 5天4板 | 14.79 | E |
| 南威软件 | 10 | 40 | 首板涨停 | 14.75 | E |
| 国机精工 | 8 | 19 | None | 13.55 | E |
| 广汽集团 | 5 | 22 | 首板涨停 | 11.29 | E |
| 梦天家居 | 1 | 4 | 8天6板 | 9.34 | E |
| 国晟科技 | 1 | 11 | 15天10板 | 8.53 | E |

## 连板梯队
| 几天几板 | 数量 | 股票 |
| --- | --- | --- |
| 11天7板 | 1 | 航天发展 |
| 15天10板 | 1 | 国晟科技 |
| 5天4板 | 1 | 雷科防务 |
| 5天5板 | 1 | 金富科技 |
| 8天6板 | 1 | 梦天家居 |
| 首板涨停 | 6 | 世联行、北新路桥、南威软件、广汽集团、永和智控、航天环宇 |

## 涨停概念与行业统计

### 概念统计（按涨停家数）
| 概念 | 涨停家数 |
| --- | --- |
| 融资融券 | 8 |
| 华为概念 | 6 |
| 深股通 | 6 |
| 国企改革 | 5 |
| DeepSeek概念 | 5 |
| 低空经济 | 5 |
| 商业航天 | 4 |
| 卫星导航 | 4 |
| 无人机 | 4 |
| 芯片概念 | 4 |
| 人工智能 | 4 |
| 军工 | 4 |
| 智慧政务 | 3 |
| 沪股通 | 3 |
| 大飞机 | 3 |

### 行业统计（按涨停家数）
| 行业 | 涨停家数 |
| --- | --- |
| 国防军工-军工电子-军工电子Ⅲ | 2 |
| 国防军工-军工装备-航天装备 | 1 |
| 房地产-房地产-房地产服务 | 1 |
| 轻工制造-包装印刷-包装 | 1 |
| 轻工制造-家居用品-定制家居 | 1 |
| 汽车-汽车整车-乘用车 | 1 |
| 计算机-IT服务-IT服务Ⅲ | 1 |
| 机械设备-通用设备-金属制品 | 1 |
| 电力设备-光伏设备-光伏电池组件 | 1 |
| 建筑装饰-建筑装饰-基础建设 | 1 |
| 机械设备-通用设备-磨具磨料 | 1 |
| 计算机-软件开发-横向通用软件 | 1 |

### 涨停股票列表（含行业与概念）
| 股票简称 | 所属同花顺行业 | 所属概念数量 | 所属概念 |
| --- | --- | --- | --- |
| 航天环宇 | 国防军工-军工装备-航天装备 | 9 | 卫星导航;商业航天;大飞机;无人机;航空发动机;低空经济;2025中报预增;沪股通;融资融券 |
| 世联行 | 房地产-房地产-房地产服务 | 14 | 租售同权;化债概念(AMC概念);物业管理;特色小镇;新型城镇化;横琴新区;养老概念;互联网金融;国企改革;云计算;粤港澳大湾区;华为概念;深股通;融资融券 |
| 雷科防务 | 国防军工-军工电子-军工电子Ⅲ | 27 | 太赫兹;军工信息化;卫星导航;商业航天;6G概念;军民融合;大飞机;数据要素;无人机;毫米波雷达;军工;人工智能;5G;车联网(车路协同);东数西算(算力);华为概念;DeepSeek概念;芯片概念;养老概念;低空经济;京津冀一体化;无人驾驶;汽车电子;存储芯片;比亚迪概念;深股通;融资融券 |
| 金富科技 | 轻工制造-包装印刷-包装 | 1 | None |
| 梦天家居 | 轻工制造-家居用品-定制家居 | 4 | 智能家居;工业互联网;芯片概念;参股银行 |
| 航天发展 | 国防军工-军工电子-军工电子Ⅲ | 34 | 军工信息化;军民融合;海峡两岸;福建自贸区;华为鲲鹏;智慧政务;华为欧拉;商业航天;网络安全;卫星导航;信创;安防;数据安全;军工;多模态AI;元宇宙;数字经济;无人机;人工智能;低空经济;MR(混合现实);虚拟现实;DeepSeek概念;东数西算(算力);华为概念;央企国企改革;乡村振兴;海工装备;5G;国企改革;芯片概念;风电;深股通;融资融券 |
| 广汽集团 | 汽车-汽车整车-乘用车 | 24 | 低空经济;车联网(车路协同);飞行汽车(eVTOL);网约车;无人驾驶;华为概念;机器人概念;华为汽车;燃料电池;新能源汽车;充电桩;国企改革;人形机器人;石墨烯;宁德时代概念;智能座舱;锂电池概念;英伟达概念;固态电池;动力电池回收;同花顺漂亮100;汽车芯片;沪股通;融资融券 |
| 南威软件 | 计算机-IT服务-IT服务Ⅲ | 42 | 数字水印;Web3.0;智谱AI;电子身份证;智慧政务;华为盘古;数据确权;华为鲲鹏;华为昇腾;数据要素;虚拟数字人;云计算;数据安全;信创;区块链;AI智能体;数字乡村;蚂蚁集团概念;百度概念;网络安全;鸿蒙概念;人脸识别;数字经济;算力租赁;智慧城市;阿里巴巴概念;DeepSeek概念;军工;车联网(车路协同);人工智能;东数西算(算力);房屋检测;华为概念;智慧灯杆;物联网;水利;海峡两岸;智能医疗;无人驾驶;PPP概念;沪股通;融资融券 |
| 永和智控 | 机械设备-通用设备-金属制品 | 7 | 民营医院;光伏概念;TOPCON电池;医疗器械概念;人民币贬值受益;股权转让(并购重组);BC电池 |
| 国晟科技 | 电力设备-光伏设备-光伏电池组件 | 11 | 硅能源;HJT电池;TOPCON电池;钙钛矿电池;新型城镇化;PPP概念;固态电池;锂电池概念;虚拟电厂;光伏概念;储能 |
| 北新路桥 | 建筑装饰-建筑装饰-基础建设 | 14 | 雅下水电概念;新疆振兴;水利;新型城镇化;PPP概念;国企改革;一带一路;乡村振兴;西部大开发;DeepSeek概念;医疗器械概念;深股通;融资融券;3D打印 |
| 国机精工 | 机械设备-通用设备-磨具磨料 | 21 | 军民融合;商业航天;卫星导航;培育钻石;无人机;军工;大飞机;工业母机;机器人概念;高端装备;新能源汽车;第三代半导体;智能医疗;核电;芯片概念;风电;央企国企改革;国企改革;中芯国际概念;深股通;融资融券 |
| 久其软件 | 计算机-软件开发-横向通用软件 | 35 | 快手概念;小红书概念;ChatGPT概念;AIGC概念;财税数字化;华为鲲鹏;智慧政务;AI智能体;数据安全;数据要素;文化传媒概念;信创;抖音概念(字节概念);百度概念;区块链;鸿蒙概念;网络安全;腾讯概念;阿里巴巴概念;职业教育;数字乡村;数字经济;DeepSeek概念;人工智能;网红经济;华为概念;智能医疗;低空经济;化债概念(AMC概念);京津冀一体化;跨境电商;数据中心;乡村振兴;雄安新区;深股通 |

## 跌停池

### 概念统计（按跌停家数）
| 概念 | 跌停家数 |
| --- | --- |
| 融资融券 | 10 |
| 深股通 | 8 |
| 锂电池概念 | 7 |
| 海峡两岸 | 5 |
| 乡村振兴 | 5 |
| 比亚迪概念 | 5 |
| 旅游概念 | 4 |
| 小金属概念 | 4 |
| 创投 | 4 |
| 2025中报预增 | 4 |
| 西部大开发 | 4 |
| 新型城镇化 | 4 |
| 固态电池 | 3 |
| 新能源汽车 | 3 |
| 参股银行 | 3 |

### 行业统计（按跌停家数）
| 行业 | 跌停家数 |
| --- | --- |
| 农林牧渔-种植业与林业-林业 | 1 |
| 钢铁-钢铁-冶钢原料 | 1 |
| 医药生物-医药商业-医药流通 | 1 |
| 有色金属-能源金属-锂 | 1 |
| 纺织服饰-服装家纺-饰品 | 1 |
| 有色金属-工业金属-铅锌 | 1 |
| 汽车-汽车整车-乘用车 | 1 |
| 房地产-房地产-住宅开发 | 1 |
| 纺织服饰-服装家纺-服装 | 1 |
| 建筑装饰-建筑装饰-装饰园林 | 1 |
| 综合-综合-综合Ⅲ | 1 |
| 电力设备-电网设备-输变电设备 | 1 |
| 电子-半导体-数字芯片设计 | 1 |
| 电力设备-电池-锂电专用设备 | 1 |
| 基础化工-化学制品-有机硅 | 1 |

### 跌停股票列表（含行业与概念）
| 股票简称 | 所属同花顺行业 | 所属概念数量 | 所属概念 |
| --- | --- | --- | --- |
| 平潭发展 | 农林牧渔-种植业与林业-林业 | 9 | 海峡两岸;福建自贸区;化肥;旅游概念;民营医院;乡村振兴;合成生物;深股通;融资融券 |
| 大中矿业 | 钢铁-钢铁-冶钢原料 | 16 | 金属锌;金属铅;小金属概念;固态电池;锂电池概念;金属回收;绿色电力;参股银行;西部大开发;储能;回购增持再贷款概念;乡村振兴;旅游概念;创投;职业教育;深股通 |
| 合富中国 | 医药生物-医药商业-医药流通 | 5 | 海峡两岸;猴痘概念;长三角一体化;智能医疗;人工智能 |
| 盛新锂能 | 有色金属-能源金属-锂 | 10 | 盐湖提锂;小金属概念;固态电池;锂电池概念;宁德时代概念;回购增持再贷款概念;西部大开发;比亚迪概念;深股通;融资融券 |
| 深中华A | 纺织服饰-服装家纺-饰品 | 6 | 黄金概念;两轮车;2025中报预增;粤港澳大湾区;锂电池概念;智能穿戴 |
| 国城矿业 | 有色金属-工业金属-铅锌 | 12 | 钛白粉概念;金属锌;金属铅;小金属概念;金属铜;黄金概念;锂电池概念;西部大开发;2025中报预增;深股通;股权转让(并购重组);融资融券 |
| 海马汽车 | 汽车-汽车整车-乘用车 | 18 | 海南自贸区;自由贸易港;网约车;充电桩;参股银行;绿色电力;碳中和;乡村振兴;氢能源;燃料电池;中俄贸易概念;人民币贬值受益;新能源汽车;百度概念;无人驾驶;车联网(车路协同);融资融券;深股通 |
| 合肥城建 | 房地产-房地产-住宅开发 | 8 | 租售同权;物业管理;新型城镇化;国企改革;长三角一体化;创投;独角兽概念;深股通 |
| 九牧王 | 纺织服饰-服装家纺-服装 | 7 | 海峡两岸;福建自贸区;网红经济;IP经济(谷子经济);2025中报预增;融资融券;沪股通 |
| 豪尔赛 | 建筑装饰-建筑装饰-装饰园林 | 18 | 物业管理;新型城镇化;旅游概念;雄安新区;碳中和;换电概念;储能;高压快充;充电桩;智慧灯杆;智慧城市;数字孪生;物联网;腾讯概念;阿里巴巴概念;华为概念;数据中心;液冷服务器 |
| 三木集团 | 综合-综合-综合Ⅲ | 9 | 特色小镇;物业管理;海峡两岸;福建自贸区;露营经济;旅游概念;跨境电商;国企改革;创投 |
| 洛凯股份 | 电力设备-电网设备-输变电设备 | 3 | 储能;智能电网;光伏概念 |
| 大为股份 | 电子-半导体-数字芯片设计 | 15 | 存储芯片;小金属概念;WiFi 6;汽车芯片;硅能源;PCB概念;锂电池概念;芯片概念;消费电子概念;信创;创投;比亚迪概念;粤港澳大湾区;无人驾驶;新能源汽车 |
| 德新科技 | 电力设备-电池-锂电专用设备 | 10 | 固态电池;锂电池概念;减速器;2025三季报预增;比亚迪概念;西部大开发;新疆振兴;2025中报预增;机器人概念;融资融券 |
| 晨光新材 | 基础化工-化学制品-有机硅 | 4 | 有机硅概念;硅能源;专精特新;融资融券 |
| 中坚科技 | 机械设备-专用设备-农用机械 | 6 | 机器人概念;人民币贬值受益;华为概念;乡村振兴;融资融券;深股通 |
| 胜利股份 | 公用事业-燃气-燃气Ⅲ | 7 | 页岩气;天然气;俄乌冲突概念;合成生物;地下管网;新型城镇化;股权转让(并购重组) |
| 华英农业 | 农林牧渔-养殖业-其他养殖 | 9 | 养鸡;生态农业;农村电商;预制菜;土地流转;乡村振兴;食品安全;区块链;深股通 |
| 华瓷股份 | 轻工制造-家居用品-其他家居用品 | 10 | NFT概念;跨境电商;牙科医疗;参股银行;人民币贬值受益;柔性直流输电;华为概念;特高压;智能穿戴;消费电子概念 |
| 好莱客 | 轻工制造-家居用品-定制家居 | 2 | IP经济(谷子经济);智能家居 |
| 英利汽车 | 汽车-汽车零部件-其他汽车零部件 | 6 | 海峡两岸;长安汽车概念;锂电池概念;新能源汽车;比亚迪概念;沪股通 |
| 华夏幸福 | 房地产-房地产-产业地产 | 13 | 特色小镇;京津冀一体化;雄安新区;新型城镇化;PPP概念;智慧城市;人工智能;DeepSeek概念;机器人概念;低空经济;沪股通;融资融券;股权转让(并购重组) |
| 大鹏工业 | 机械设备-专用设备-其他专用设备 | 6 | 长安汽车概念;专精特新;比亚迪概念;机器视觉;新股与次新股;融资融券 |

## 操作建议
| 类别 | 数量 | 建议 |
| --- | --- | --- |
| S级标的 | 0 | 重点关注 |
| A级标的 | 0 | 适当参与 |
| 高风险标 | 1 | 谨慎对待 |

## 板块资金方向（简明版）

### 板块资金净额榜
| 指数名称 | 指数代码 | 资金净额(亿) | 成交额(亿) | 涨跌幅(%) | 涨停家数 |
| --- | --- | --- | --- | --- | --- |
| 融资融券 | 885338.TI | 174.09 | 13160.19 | 1.04 | 34 |
| 深股通 | 885694.TI | 164.16 | 7119.38 | 1.09 | 16 |
| 人工智能 | 885728.TI | 147.92 | 3737.18 | 1.01 | 26 |
| DeepSeek概念 | 886100.TI | 128.39 | 2683.44 | 0.93 | 17 |
| 军工 | 885700.TI | 123.03 | 2155.87 | 1.83 | 15 |
| 华为概念 | 885806.TI | 104.26 | 4208.68 | 1.23 | 16 |
| 军民融合 | 885743.TI | 100.16 | 928.61 | 1.92 | 10 |
| 无人机 | 885564.TI | 76.28 | 1803.65 | 1.48 | 11 |
| 商业航天 | 886078.TI | 75.07 | 1293.39 | 2.25 | 12 |
| 卫星导航 | 885574.TI | 60.68 | 1149.18 | 2.04 | 10 |
| 数字经济 | 885976.TI | 55.62 | 1791.36 | 0.98 | 15 |
| 央企国企改革 | 885595.TI | 49.71 | 1298.29 | 1.08 | 12 |
| 国企改革 | 886021.TI | 36.40 | 4092.47 | 1.17 | 29 |
| 跨境电商 | 885642.TI | 33.65 | 870.84 | 1.08 | 12 |
| 钛白粉概念 | 885652.TI | 2.42 | 47.56 | 4.31 | 0 |
| 赛马概念 | 885792.TI | -1.11 | 33.64 | -0.03 | 1 |
| 沪股通 | 885520.TI | -1.77 | 5401.63 | 0.94 | 20 |
| ST板块 | 885699.TI | -2.24 | 102.90 | 0.87 | 13 |
| 福建自贸区 | 885617.TI | -15.14 | 847.08 | 2.21 | 8 |
| 海峡两岸 | 885939.TI | -20.58 | 1563.72 | 2.06 | 12 |

### 板块涨幅榜
| 指数名称 | 指数代码 | 涨跌幅(%) | 成交额(亿) | 资金净额(亿) | 涨停家数 |
| --- | --- | --- | --- | --- | --- |
| 钛白粉概念 | 885652.TI | 4.31 | 47.56 | 2.42 | 0 |
| 商业航天 | 886078.TI | 2.25 | 1293.39 | 75.07 | 12 |
| 福建自贸区 | 885617.TI | 2.21 | 847.08 | -15.14 | 8 |
| 海峡两岸 | 885939.TI | 2.06 | 1563.72 | -20.58 | 12 |
| 卫星导航 | 885574.TI | 2.04 | 1149.18 | 60.68 | 10 |
| 军民融合 | 885743.TI | 1.92 | 928.61 | 100.16 | 10 |
| 军工 | 885700.TI | 1.83 | 2155.87 | 123.03 | 15 |
| 无人机 | 885564.TI | 1.48 | 1803.65 | 76.28 | 11 |
| 华为概念 | 885806.TI | 1.23 | 4208.68 | 104.26 | 16 |
| 国企改革 | 886021.TI | 1.17 | 4092.47 | 36.40 | 29 |
| 深股通 | 885694.TI | 1.09 | 7119.38 | 164.16 | 16 |
| 跨境电商 | 885642.TI | 1.08 | 870.84 | 33.65 | 12 |
| 央企国企改革 | 885595.TI | 1.08 | 1298.29 | 49.71 | 12 |
| 融资融券 | 885338.TI | 1.04 | 13160.19 | 174.09 | 34 |
| 人工智能 | 885728.TI | 1.01 | 3737.18 | 147.92 | 26 |
| 数字经济 | 885976.TI | 0.98 | 1791.36 | 55.62 | 15 |
| 沪股通 | 885520.TI | 0.94 | 5401.63 | -1.77 | 20 |
| DeepSeek概念 | 886100.TI | 0.93 | 2683.44 | 128.39 | 17 |
| ST板块 | 885699.TI | 0.87 | 102.90 | -2.24 | 13 |
| 赛马概念 | 885792.TI | -0.03 | 33.64 | -1.11 | 1 |

## 持仓分析
无当日持仓记录或未匹配到持仓标的