# 20251201 涨停分析报告
## 市场概况
| 指标 | 数值 |
| --- | --- |
| 涨停家数 | 75 |
| 跌停家数 | 7 |
| 上涨家数 | 3398 |
| 平盘家数 | 162 |
| 下跌家数 | 1872 |
| 上证涨跌幅(%) | 0.65 |
| 深证涨跌幅(%) | 1.25 |
| 创业板涨跌幅(%) | 1.31 |
| A股总成交额(亿) | 18894.49 |
| 情绪分数 | 74.09 |

## 趋势(近7日)
| 日期 | 涨停家数 | 涨停Δ | 情绪分数 | 情绪MA5 | 上证(%) | 上证Δ | 深证(%) | 深证Δ | 创业板(%) | 创业Δ | 上涨家数 | 上涨Δ | 下跌家数 | 下跌Δ | 平盘家数 | 平盘Δ |
| --- | --- | --- | --- | --- | --- | --- | --- | --- | --- | --- | --- | --- | --- | --- | --- | --- |
| 20251205.0 | 80.00 |  |  |  | 0.70 |  | 1.08 |  | 1.36 |  | 4387.00 |  | 975.00 |  | 76.00 |  |
| 20251208.0 | 78.00 | -2.00 |  |  | 0.55 | -0.15 | 1.39 | 0.30 | 2.60 | 1.24 | 3409.00 | -978.00 | 1866.00 | 891.00 | 165.00 | 89.00 |
| 20251209.0 | 54.00 | -24.00 |  |  | -0.37 | -0.92 | -0.39 | -1.78 | 0.61 | -2.00 | 1308.00 | -2101.00 | 4057.00 | 2191.00 | 75.00 | -90.00 |
| 20251210.0 | 59.00 | 5.00 |  |  | -0.23 | 0.14 | 0.29 | 0.69 | -0.02 | -0.62 | 2434.00 | 1126.00 | 2844.00 | -1213.00 | 159.00 | 84.00 |
| 20251211.0 | 36.00 | -23.00 |  |  | -0.70 | -0.47 | -1.27 | -1.56 | -1.41 | -1.39 | 1032.00 | -1402.00 | 4377.00 | 1533.00 | 31.00 | -128.00 |

## 今日龙头 (综合评分前5)
| 股票简称 | 几天几板 | 综合评分 | 评分等级 |
| --- | --- | --- | --- |
| 国晟科技 | None | 9.90 | E |
| 银河电子 | 首板涨停 | 9.71 | E |
| 国风新材 | 首板涨停 | 8.54 | E |

## 资金龙头 (大单净额前3)
| 股票简称 | 最新dde大单净额 |
| --- | --- |
| 银河电子 | 515615726.00 |
| 国风新材 | 460599506.00 |
| 国晟科技 | 26341368.00 |

## 概念热点
N/A

## 连板梯队
| 几天几板 | 数量 | 股票 |
| --- | --- | --- |
| 首板涨停 | 2 | 国风新材、银河电子 |

## 涨停概念与行业统计

### 概念统计（按涨停家数）
| 概念 | 涨停家数 |
| --- | --- |
| 融资融券 | 2 |
| 深股通 | 2 |
| 锂电池概念 | 2 |
| 储能 | 2 |
| 新能源汽车 | 2 |
| 商业航天 | 1 |
| 军民融合 | 1 |
| 创投 | 1 |
| 安防 | 1 |
| 核电 | 1 |
| 军工 | 1 |
| 军工信息化 | 1 |
| 智能家居 | 1 |
| 专精特新 | 1 |
| 充电桩 | 1 |

### 行业统计（按涨停家数）
| 行业 | 涨停家数 |
| --- | --- |
| 国防军工-军工电子-军工电子Ⅲ | 1 |
| 基础化工-塑料制品-膜材料 | 1 |
| 电力设备-光伏设备-光伏电池组件 | 1 |

### 涨停股票列表（含行业与概念）
| 股票简称 | 几天几板 | 所属同花顺行业 | 所属概念数量 | 所属概念 |
| --- | --- | --- | --- | --- |
| 银河电子 | 首板涨停 | 国防军工-军工电子-军工电子Ⅲ | 23 | 军民融合;商业航天;军工信息化;军工;核电;安防;创投;智能家居;充电桩;专精特新;机器人概念;无人驾驶;智能电网;人工智能;新能源汽车;储能;长安汽车概念;比亚迪概念;新型工业化;锂电池概念;宁德时代概念;深股通;融资融券 |
| 国风新材 | 首板涨停 | 基础化工-塑料制品-膜材料 | 10 | 光刻胶;柔性屏(折叠屏);装配式建筑;国企改革;一带一路;雄安新区;芯片概念;新能源汽车;深股通;融资融券 |
| 国晟科技 | None | 电力设备-光伏设备-光伏电池组件 | 11 | 硅能源;HJT电池;TOPCON电池;钙钛矿电池;新型城镇化;固态电池;PPP概念;锂电池概念;虚拟电厂;光伏概念;储能 |

## 跌停池

### 概念统计（按跌停家数）
| 概念 | 跌停家数 |
| --- | --- |
| 融资融券 | 2 |
| 海南自贸区 | 1 |
| 化债概念(AMC概念) | 1 |
| 钒电池 | 1 |
| 深股通 | 1 |
| 新型城镇化 | 1 |
| PPP概念 | 1 |
| 雄安新区 | 1 |
| 水利 | 1 |
| 乡村振兴 | 1 |
| 京津冀一体化 | 1 |
| 光刻胶 | 1 |

### 行业统计（按跌停家数）
| 行业 | 跌停家数 |
| --- | --- |
| 非银金融-多元金融-多元金融Ⅲ | 1 |
| 建筑装饰-建筑装饰-基础建设 | 1 |
| 基础化工-化学制品-其他化学制品 | 1 |

### 跌停股票列表（含行业与概念）
| 股票简称 | 所属同花顺行业 | 所属概念数量 | 所属概念 |
| --- | --- | --- | --- |
| 海德股份 | 非银金融-多元金融-多元金融Ⅲ | 5 | 海南自贸区;化债概念(AMC概念);钒电池;融资融券;深股通 |
| 汇通集团 | 建筑装饰-建筑装饰-基础建设 | 6 | 新型城镇化;PPP概念;雄安新区;水利;乡村振兴;京津冀一体化 |
| 华软科技 | 基础化工-化学制品-其他化学制品 | 2 | 光刻胶;融资融券 |

## 操作建议
| 类别 | 数量 | 建议 |
| --- | --- | --- |
| S级标的 | 0 | 重点关注 |
| A级标的 | 0 | 适当参与 |
| 高风险标 | 0 | 谨慎对待 |

### 仓位建议分档
| 情绪分数 | 建议仓位 |
| --- | --- |
| 74.09 | 进攻型 |

## 板块资金方向（简明版）

### 板块资金净额榜
| 指数名称 | 指数代码 | 资金净额(亿) | 成交额(亿) | 涨跌幅(%) | 涨停家数 |
| --- | --- | --- | --- | --- | --- |
| 汽车电子 | 885545.TI | 165.50 | 2267.09 | -1.91 | 14 |
| 消费电子概念 | 885800.TI | 136.32 | 2298.21 | -1.92 | 19 |
| 芯片概念 | 885756.TI | 121.99 | 5879.13 | -1.22 | 13 |
| 机器人概念 | 885517.TI | 108.72 | 4542.67 | -1.41 | 15 |
| 5G | 885556.TI | 83.25 | 3879.18 | -1.54 | 16 |
| 比亚迪概念 | 885997.TI | 46.86 | 2829.00 | -1.34 | 14 |
| 车联网(车路协同) | 885662.TI | 42.70 | 1350.39 | -1.58 | 11 |
| 深股通 | 885694.TI | 31.41 | 8493.46 | -1.57 | 25 |
| 人工智能 | 885728.TI | 25.27 | 4159.40 | -1.72 | 18 |
| 华为概念 | 885806.TI | 22.04 | 4611.39 | -1.77 | 19 |
| 商业航天 | 886078.TI | 20.63 | 2796.93 | 0.29 | 10 |
| 融资融券 | 885338.TI | 17.74 | 15945.77 | -1.02 | 34 |
| 新能源汽车 | 885431.TI | 11.22 | 4685.11 | -1.23 | 17 |
| 无人机 | 885564.TI | -1.08 | 2301.84 | -1.31 | 13 |
| 动物疫苗 | 885846.TI | -1.52 | 58.99 | -1.02 | 0 |
| 储能 | 885921.TI | -3.27 | 3421.19 | -1.18 | 14 |
| 猪肉 | 885573.TI | -6.15 | 115.91 | -0.78 | 0 |
| 锂电池概念 | 885710.TI | -43.80 | 2675.86 | -1.40 | 12 |
| 国企改革 | 886021.TI | -43.87 | 5134.74 | -1.39 | 15 |
| 军工 | 885700.TI | -48.74 | 3112.07 | -0.57 | 12 |

### 板块涨幅榜
| 指数名称 | 指数代码 | 涨跌幅(%) | 成交额(亿) | 资金净额(亿) | 涨停家数 |
| --- | --- | --- | --- | --- | --- |
| 商业航天 | 886078.TI | 0.29 | 2796.93 | 20.63 | 10 |
| 军工 | 885700.TI | -0.57 | 3112.07 | -48.74 | 12 |
| 猪肉 | 885573.TI | -0.78 | 115.91 | -6.15 | 0 |
| 动物疫苗 | 885846.TI | -1.02 | 58.99 | -1.52 | 0 |
| 融资融券 | 885338.TI | -1.02 | 15945.77 | 17.74 | 34 |
| 储能 | 885921.TI | -1.18 | 3421.19 | -3.27 | 14 |
| 芯片概念 | 885756.TI | -1.22 | 5879.13 | 121.99 | 13 |
| 新能源汽车 | 885431.TI | -1.23 | 4685.11 | 11.22 | 17 |
| 无人机 | 885564.TI | -1.31 | 2301.84 | -1.08 | 13 |
| 比亚迪概念 | 885997.TI | -1.34 | 2829.00 | 46.86 | 14 |
| 国企改革 | 886021.TI | -1.39 | 5134.74 | -43.87 | 15 |
| 锂电池概念 | 885710.TI | -1.40 | 2675.86 | -43.80 | 12 |
| 机器人概念 | 885517.TI | -1.41 | 4542.67 | 108.72 | 15 |
| 5G | 885556.TI | -1.54 | 3879.18 | 83.25 | 16 |
| 深股通 | 885694.TI | -1.57 | 8493.46 | 31.41 | 25 |
| 车联网(车路协同) | 885662.TI | -1.58 | 1350.39 | 42.70 | 11 |
| 人工智能 | 885728.TI | -1.72 | 4159.40 | 25.27 | 18 |
| 华为概念 | 885806.TI | -1.77 | 4611.39 | 22.04 | 19 |
| 汽车电子 | 885545.TI | -1.91 | 2267.09 | 165.50 | 14 |
| 消费电子概念 | 885800.TI | -1.92 | 2298.21 | 136.32 | 19 |

## 持仓分析
无当日持仓记录或未匹配到持仓标的