# 20251126 涨停分析报告
## 市场概况
| 指标 | 数值 |
| --- | --- |
| 涨停家数 | 76 |
| 跌停家数 | 6 |
| 上涨家数 | 1692 |
| 平盘家数 | 149 |
| 下跌家数 | 3593 |
| 上证涨跌幅(%) | N/A |
| 深证涨跌幅(%) | N/A |
| 创业板涨跌幅(%) | N/A |
| A股总成交额(亿) | N/A |
| 情绪分数 | N/A |

## 趋势(近7日)
| 日期 | 涨停家数 | 涨停Δ | 情绪分数 | 情绪MA5 | 上证(%) | 上证Δ | 深证(%) | 深证Δ | 创业板(%) | 创业Δ | 上涨家数 | 上涨Δ | 下跌家数 | 下跌Δ | 平盘家数 | 平盘Δ |
| --- | --- | --- | --- | --- | --- | --- | --- | --- | --- | --- | --- | --- | --- | --- | --- | --- |
| 20251124.0 | 79.00 |  |  |  |  |  |  |  |  |  | 4228.00 |  | 1104.00 |  | 108.00 |  |
| 20251125.0 | 95.00 | 16.00 |  |  |  |  |  |  |  |  | 4299.00 | 71.00 | 994.00 | -110.00 | 145.00 | 37.00 |
| 20251126.0 | 76.00 | -19.00 |  |  |  |  |  |  |  |  | 1692.00 | -2607.00 | 3593.00 | 2599.00 | 149.00 | 4.00 |
| 20251127.0 | 63.00 | -13.00 |  |  |  |  |  |  |  |  | 2790.00 | 1098.00 | 2447.00 | -1146.00 | 197.00 | 48.00 |
| 20251128.0 | 81.00 | 18.00 |  |  |  |  |  |  |  |  | 4122.00 | 1332.00 | 1193.00 | -1254.00 | 118.00 | -79.00 |

## 今日龙头 (综合评分前5)
| 股票简称 | 几天几板 | 综合评分 | 评分等级 |
| --- | --- | --- | --- |
| 雷科防务 | 5天4板 | 13.63 | E |
| 金富科技 | 5天5板 | 10.34 | E |
| 海欣食品 | 3天3板 | 10.00 | E |
| 赤天化 | 3天2板 | 9.32 | E |
| 海王生物 | 3天3板 | 8.10 | E |

## 资金龙头 (大单净额前3)
| 股票简称 | 最新dde大单净额 |
| --- | --- |
| 雷科防务 | 406097050.00 |
| 梅雁吉祥 | 234130275.00 |
| 海南瑞泽 | 179844981.00 |

## 概念热点
N/A

## 连板梯队
| 几天几板 | 数量 | 股票 |
| --- | --- | --- |
| 3天2板 | 3 | 梅雁吉祥、美克家居、赤天化 |
| 3天3板 | 2 | 海欣食品、海王生物 |
| 4天2板 | 1 | 新亚强 |
| 4天3板 | 1 | 海南瑞泽 |
| 4天4板 | 1 | 茂业商业 |
| 5天4板 | 1 | 雷科防务 |
| 5天5板 | 1 | 金富科技 |

## 涨停概念与行业统计

### 概念统计（按涨停家数）
| 概念 | 涨停家数 |
| --- | --- |
| 融资融券 | 5 |
| 沪股通 | 3 |
| 水泥概念 | 2 |
| 数据要素 | 2 |
| 新型城镇化 | 2 |
| 水利 | 2 |
| 粤港澳大湾区 | 2 |
| 人工智能 | 2 |
| 华为概念 | 2 |
| 芯片概念 | 2 |
| 西部大开发 | 2 |
| 医疗器械概念 | 2 |
| 海峡两岸 | 2 |
| 仿制药一致性评价 | 2 |
| 福建自贸区 | 2 |

### 行业统计（按涨停家数）
| 行业 | 涨停家数 |
| --- | --- |
| 公用事业-电力-水电 | 1 |
| 建筑材料-建筑材料-水泥 | 1 |
| 国防军工-军工电子-军工电子Ⅲ | 1 |
| 轻工制造-家居用品-成品家居 | 1 |
| 医药生物-医药商业-医药流通 | 1 |
| 食品饮料-食品加工制造-预加工食品 | 1 |
| 轻工制造-包装印刷-包装 | 1 |
| 商贸零售-零售-百货零售 | 1 |
| 基础化工-农化制品-氮肥 | 1 |
| 交通运输-港口航运-航运 | 1 |
| 基础化工-化学制品-有机硅 | 1 |

### 涨停股票列表（含行业与概念）
| 股票简称 | 所属同花顺行业 | 所属概念数量 | 所属概念 |
| --- | --- | --- | --- |
| 梅雁吉祥 | 公用事业-电力-水电 | 15 | 水泥概念;新型城镇化;绿色电力;氢能源;水利;小金属概念;回购增持再贷款概念;职业教育;时空大数据;粤港澳大湾区;储能;智慧城市;数据要素;融资融券;沪股通 |
| 海南瑞泽 | 建筑材料-建筑材料-水泥 | 14 | 海南自贸区;自由贸易港;特色小镇;旅游概念;新型城镇化;装配式建筑;PPP概念;水泥概念;垃圾分类;雄安新区;固废处理;水利;一带一路;融资融券 |
| 雷科防务 | 国防军工-军工电子-军工电子Ⅲ | 27 | 太赫兹;军工信息化;卫星导航;商业航天;6G概念;军民融合;大飞机;数据要素;无人机;毫米波雷达;军工;人工智能;5G;车联网(车路协同);东数西算(算力);华为概念;DeepSeek概念;芯片概念;养老概念;低空经济;京津冀一体化;无人驾驶;汽车电子;存储芯片;比亚迪概念;深股通;融资融券 |
| 美克家居 | 轻工制造-家居用品-成品家居 | 11 | C2M概念;跨境电商;新疆振兴;智能家居;智能物流;工业互联网;人工智能;AIGC概念;华为概念;AI智能体;融资融券 |
| 海王生物 | 医药生物-医药商业-医药流通 | 9 | 流感;仿制药一致性评价;创新药;冷链物流;医疗器械概念;深股通;融资融券;粤港澳大湾区;维生素 |
| 海欣食品 | 食品饮料-食品加工制造-预加工食品 | 4 | 预制菜;人造肉;海峡两岸;福建自贸区 |
| 金富科技 | 轻工制造-包装印刷-包装 | 1 | None |
| 茂业商业 | 商贸零售-零售-百货零售 | 4 | 信托概念;西部大开发;沪股通;物业管理 |
| 赤天化 | 基础化工-农化制品-氮肥 | 9 | 民营医院;仿制药一致性评价;化肥;阿尔茨海默概念;煤化工概念;煤炭概念;医疗器械概念;西部大开发;创投 |
| 海通发展 | 交通运输-港口航运-航运 | 6 | 海峡两岸;航运概念;福建自贸区;统一大市场;人民币贬值受益;沪股通 |
| 新亚强 | 基础化工-化学制品-有机硅 | 4 | 有机硅概念;锂电池概念;芯片概念;股权转让(并购重组) |

## 跌停池

### 概念统计（按跌停家数）
| 概念 | 跌停家数 |
| --- | --- |
| 国企改革 | 2 |
| 人工智能 | 2 |
| 融资融券 | 2 |
| 粮食概念 | 1 |
| 海南自贸区 | 1 |
| 京津冀一体化 | 1 |
| 网红经济 | 1 |
| 预制菜 | 1 |
| 一带一路 | 1 |
| 央企国企改革 | 1 |
| 参股保险 | 1 |
| 中字头股票 | 1 |
| Web3.0 | 1 |
| 云办公 | 1 |
| 华为鲲鹏 | 1 |

### 行业统计（按跌停家数）
| 行业 | 跌停家数 |
| --- | --- |
| 农林牧渔-农产品加工-粮油加工 | 1 |
| 农林牧渔-养殖业-海洋捕捞 | 1 |
| 计算机-IT服务-IT服务Ⅲ | 1 |

### 跌停股票列表（含行业与概念）
| 股票简称 | 所属同花顺行业 | 所属概念数量 | 所属概念 |
| --- | --- | --- | --- |
| 京粮控股 | 农林牧渔-农产品加工-粮油加工 | 7 | 粮食概念;海南自贸区;网红经济;国企改革;京津冀一体化;一带一路;融资融券 |
| 中水渔业 | 农林牧渔-养殖业-海洋捕捞 | 6 | 预制菜;央企国企改革;参股保险;人工智能;国企改革;中字头股票 |
| 榕基软件 | 计算机-IT服务-IT服务Ⅲ | 27 | Web3.0;云办公;华为鲲鹏;智慧政务;在线教育;军工信息化;数据安全;信创;网络安全;区块链;数据要素;鸿蒙概念;核污染防治;数字经济;安防;虚拟现实;福建自贸区;智慧城市;人工智能;海峡两岸;华为概念;军工;物联网;电力物联网;物业管理;智能电网;融资融券 |

## 操作建议
| 类别 | 数量 | 建议 |
| --- | --- | --- |
| S级标的 | 0 | 重点关注 |
| A级标的 | 0 | 适当参与 |
| 高风险标 | 2 | 谨慎对待 |

## 板块资金方向（简明版）

### 板块资金净额榜
| 指数名称 | 指数代码 | 资金净额(亿) | 成交额(亿) | 涨跌幅(%) | 涨停家数 |
| --- | --- | --- | --- | --- | --- |
| 赛马概念 | 885792.TI | -0.29 | 33.64 | -0.03 | 1 |
| 人造肉 | 885839.TI | -0.67 | 50.19 | 1.92 | 1 |
| 粤港澳大湾区 | 885521.TI | -0.97 | 1713.70 | 1.06 | 11 |
| POE胶膜 | 886026.TI | -1.74 | 68.01 | 0.50 | 2 |
| 乳业 | 885462.TI | -2.07 | 70.09 | 2.82 | 0 |
| 钛白粉概念 | 885652.TI | -2.83 | 47.56 | 4.31 | 0 |
| 光热发电 | 886011.TI | -8.95 | 78.63 | 1.56 | 1 |
| 医疗器械概念 | 885539.TI | -28.82 | 923.41 | 0.63 | 13 |
| 跨境电商 | 885642.TI | -37.62 | 870.84 | 1.08 | 10 |
| 福建自贸区 | 885617.TI | -45.97 | 847.08 | 2.21 | 7 |
| 储能 | 885921.TI | -47.20 | 2744.10 | 1.38 | 10 |
| 西部大开发 | 886086.TI | -67.25 | 1893.75 | 1.28 | 11 |
| 卫星导航 | 885574.TI | -74.12 | 1149.18 | 2.04 | 6 |
| 深股通 | 885694.TI | -96.36 | 7119.38 | 1.09 | 17 |
| 数字经济 | 885976.TI | -98.73 | 1791.36 | 0.98 | 12 |
| 华为概念 | 885806.TI | -108.81 | 4208.68 | 1.23 | 15 |
| 沪股通 | 885520.TI | -125.40 | 5401.63 | 0.94 | 18 |
| 人工智能 | 885728.TI | -184.15 | 3737.18 | 1.01 | 19 |
| 融资融券 | 885338.TI | -228.75 | 13160.19 | 1.04 | 34 |
| 国企改革 | 886021.TI | -238.51 | 4092.47 | 1.17 | 14 |

### 板块涨幅榜
| 指数名称 | 指数代码 | 涨跌幅(%) | 成交额(亿) | 资金净额(亿) | 涨停家数 |
| --- | --- | --- | --- | --- | --- |
| 钛白粉概念 | 885652.TI | 4.31 | 47.56 | -2.83 | 0 |
| 乳业 | 885462.TI | 2.82 | 70.09 | -2.07 | 0 |
| 福建自贸区 | 885617.TI | 2.21 | 847.08 | -45.97 | 7 |
| 卫星导航 | 885574.TI | 2.04 | 1149.18 | -74.12 | 6 |
| 人造肉 | 885839.TI | 1.92 | 50.19 | -0.67 | 1 |
| 光热发电 | 886011.TI | 1.56 | 78.63 | -8.95 | 1 |
| 储能 | 885921.TI | 1.38 | 2744.10 | -47.20 | 10 |
| 西部大开发 | 886086.TI | 1.28 | 1893.75 | -67.25 | 11 |
| 华为概念 | 885806.TI | 1.23 | 4208.68 | -108.81 | 15 |
| 国企改革 | 886021.TI | 1.17 | 4092.47 | -238.51 | 14 |
| 深股通 | 885694.TI | 1.09 | 7119.38 | -96.36 | 17 |
| 跨境电商 | 885642.TI | 1.08 | 870.84 | -37.62 | 10 |
| 粤港澳大湾区 | 885521.TI | 1.06 | 1713.70 | -0.97 | 11 |
| 融资融券 | 885338.TI | 1.04 | 13160.19 | -228.75 | 34 |
| 人工智能 | 885728.TI | 1.01 | 3737.18 | -184.15 | 19 |
| 数字经济 | 885976.TI | 0.98 | 1791.36 | -98.73 | 12 |
| 沪股通 | 885520.TI | 0.94 | 5401.63 | -125.40 | 18 |
| 医疗器械概念 | 885539.TI | 0.63 | 923.41 | -28.82 | 13 |
| POE胶膜 | 886026.TI | 0.50 | 68.01 | -1.74 | 2 |
| 赛马概念 | 885792.TI | -0.03 | 33.64 | -0.29 | 1 |

## 持仓分析
无当日持仓记录或未匹配到持仓标的