# 20251127 涨停分析报告
## 市场概况
| 指标 | 数值 |
| --- | --- |
| 涨停家数 | 63 |
| 跌停家数 | 14 |
| 上涨家数 | 2790 |
| 平盘家数 | 197 |
| 下跌家数 | 2447 |
| 上证涨跌幅(%) | 0.29 |
| 深证涨跌幅(%) | -0.25 |
| 创业板涨跌幅(%) | -0.44 |
| A股总成交额(亿) | 17231.72 |
| 情绪分数 | 61.81 |

## 趋势(近7日)
| 日期 | 涨停家数 | 涨停Δ | 情绪分数 | 情绪MA5 | 上证(%) | 上证Δ | 深证(%) | 深证Δ | 创业板(%) | 创业Δ | 上涨家数 | 上涨Δ | 下跌家数 | 下跌Δ | 平盘家数 | 平盘Δ |
| --- | --- | --- | --- | --- | --- | --- | --- | --- | --- | --- | --- | --- | --- | --- | --- | --- |
| 20251126.0 | 76.00 |  |  |  | -0.15 |  | 1.02 |  | 2.14 |  | 1692.00 |  | 3593.00 |  | 149.00 |  |
| 20251127.0 | 63.00 | -13.00 |  |  | 0.29 | 0.44 | -0.25 | -1.27 | -0.44 | -2.58 | 2790.00 | 1098.00 | 2447.00 | -1146.00 | 197.00 | 48.00 |
| 20251128.0 | 81.00 | 18.00 |  |  | 0.34 | 0.06 | 0.85 | 1.10 | 0.70 | 1.14 | 4122.00 | 1332.00 | 1193.00 | -1254.00 | 118.00 | -79.00 |
| 20251201.0 | 75.00 | -6.00 |  |  | 0.65 | 0.31 | 1.25 | 0.41 | 1.31 | 0.60 | 3398.00 | -724.00 | 1872.00 | 679.00 | 162.00 | 44.00 |
| 20251202.0 | 54.00 | -21.00 |  |  | -0.42 | -1.07 | -0.68 | -1.94 | -0.69 | -2.00 | 1544.00 | -1854.00 | 3740.00 | 1868.00 | 152.00 | -10.00 |

## 今日龙头 (综合评分前5)
| 股票简称 | 几天几板 | 综合评分 | 评分等级 |
| --- | --- | --- | --- |
| 通宇通讯 | 4天4板 | 13.00 | E |
| 睿能科技 | 4天4板 | 11.37 | E |
| 海王生物 | 5天5板 | 10.59 | E |
| 道明光学 | 4天4板 | 9.60 | E |
| 金能科技 | 首板涨停 | 8.56 | E |

## 资金龙头 (大单净额前3)
| 股票简称 | 最新dde大单净额 |
| --- | --- |
| 茂业商业 | 270000541.00 |
| 海王生物 | 191201250.00 |
| 金能科技 | 104652269.40 |

## 概念热点
消费电子概念

### 热点概念股票
| 股票简称 | 热门概念数量 | 所属概念数量 | 几天几板 | 综合评分 | 评分等级 |
| --- | --- | --- | --- | --- | --- |
| 通宇通讯 | 1 | 20 | 4天4板 | 13.00 | E |
| 睿能科技 | 1 | 17 | 4天4板 | 11.37 | E |
| 道明光学 | 1 | 14 | 4天4板 | 9.60 | E |

## 连板梯队
| 几天几板 | 数量 | 股票 |
| --- | --- | --- |
| 4天4板 | 3 | 睿能科技、通宇通讯、道明光学 |
| 5天5板 | 2 | 海欣食品、海王生物 |
| 6天5板 | 1 | 茂业商业 |
| 7天7板 | 1 | 金富科技 |
| 首板涨停 | 1 | 金能科技 |

## 涨停概念与行业统计

### 概念统计（按涨停家数）
| 概念 | 涨停家数 |
| --- | --- |
| 融资融券 | 3 |
| 消费电子概念 | 3 |
| 深股通 | 3 |
| 福建自贸区 | 2 |
| 汽车电子 | 2 |
| 华为概念 | 2 |
| 沪股通 | 2 |
| 海峡两岸 | 2 |
| 中俄贸易概念 | 2 |
| 新能源汽车 | 2 |
| 铜缆高速连接 | 1 |
| 氢能源 | 1 |
| 人造肉 | 1 |
| 煤化工概念 | 1 |
| 煤炭概念 | 1 |

### 行业统计（按涨停家数）
| 行业 | 涨停家数 |
| --- | --- |
| 食品饮料-食品加工制造-预加工食品 | 1 |
| 基础化工-化学原料-其他化学原料 | 1 |
| 通信-通信设备-通信网络设备及器件 | 1 |
| 基础化工-塑料制品-膜材料 | 1 |
| 轻工制造-包装印刷-包装 | 1 |
| 电子-其他电子-其他电子Ⅲ | 1 |
| 商贸零售-零售-百货零售 | 1 |
| 医药生物-医药商业-医药流通 | 1 |

### 涨停股票列表（含行业与概念）
| 股票简称 | 所属同花顺行业 | 所属概念数量 | 所属概念 |
| --- | --- | --- | --- |
| 海欣食品 | 食品饮料-食品加工制造-预加工食品 | 4 | 人造肉;预制菜;海峡两岸;福建自贸区 |
| 金能科技 | 基础化工-化学原料-其他化学原料 | 5 | 煤化工概念;煤炭概念;氢能源;沪股通;融资融券 |
| 通宇通讯 | 通信-通信设备-通信网络设备及器件 | 22 | 6G概念;铜缆高速连接;F5G概念;卫星导航;商业航天;WiFi 6;共封装光学(CPO);5G;毫米波雷达;消费电子概念;汽车电子;华为概念;低空经济;虚拟电厂;无人驾驶;换电概念;储能;一带一路;中俄贸易概念;华为汽车;深股通;融资融券 |
| 道明光学 | 基础化工-塑料制品-膜材料 | 15 | 石墨烯;固态电池;锂电池概念;消费电子概念;AI手机;新能源汽车;光伏概念;安防;液冷服务器;中俄贸易概念;华为概念;虚拟现实;共同富裕示范区;元宇宙;深股通 |
| 金富科技 | 轻工制造-包装印刷-包装 | 1 | None |
| 睿能科技 | 电子-其他电子-其他电子Ⅲ | 17 | 海峡两岸;智能家居;福建自贸区;物联网;消费电子概念;新型工业化;数字经济;汽车电子;存储芯片;机器人概念;无人机;工业母机;工业互联网;MCU芯片;人形机器人;芯片概念;新能源汽车 |
| 茂业商业 | 商贸零售-零售-百货零售 | 4 | 物业管理;信托概念;西部大开发;沪股通 |
| 海王生物 | 医药生物-医药商业-医药流通 | 10 | 仿制药一致性评价;流感;冷链物流;创新药;维生素;医疗器械概念;粤港澳大湾区;深股通;融资融券;医药电商 |

## 跌停池

### 概念统计（按跌停家数）
| 概念 | 跌停家数 |
| --- | --- |
| 人工智能 | 6 |
| 数据安全 | 3 |
| 华为鲲鹏 | 3 |
| 数字经济 | 3 |
| 海峡两岸 | 3 |
| 福建自贸区 | 3 |
| 区块链 | 3 |
| 融资融券 | 3 |
| 国企改革 | 3 |
| 阿里巴巴概念 | 3 |
| AI智能体 | 3 |
| DeepSeek概念 | 3 |
| 安防 | 2 |
| 华为概念 | 2 |
| 物联网 | 2 |

### 行业统计（按跌停家数）
| 行业 | 跌停家数 |
| --- | --- |
| 计算机-IT服务-IT服务Ⅲ | 2 |
| 基础化工-塑料制品-膜材料 | 1 |
| 农林牧渔-养殖业-海洋捕捞 | 1 |
| 建筑材料-建筑材料-其他建材 | 1 |
| 传媒-影视院线-影视院线Ⅲ | 1 |
| 有色金属-工业金属-铅锌 | 1 |
| 计算机-软件开发-垂直应用软件 | 1 |

### 跌停股票列表（含行业与概念）
| 股票简称 | 所属同花顺行业 | 所属概念数量 | 所属概念 |
| --- | --- | --- | --- |
| 榕基软件 | 计算机-IT服务-IT服务Ⅲ | 27 | Web3.0;云办公;华为鲲鹏;智慧政务;在线教育;数据安全;军工信息化;信创;区块链;网络安全;数据要素;鸿蒙概念;核污染防治;数字经济;智慧城市;安防;福建自贸区;人工智能;虚拟现实;海峡两岸;华为概念;军工;物联网;电力物联网;物业管理;智能电网;融资融券 |
| 国风新材 | 基础化工-塑料制品-膜材料 | 10 | 光刻胶;装配式建筑;国企改革;柔性屏(折叠屏);芯片概念;新能源汽车;雄安新区;一带一路;深股通;融资融券 |
| 实达集团 | 计算机-IT服务-IT服务Ⅲ | 29 | 智慧政务;国资云;AI智能体;数据要素;阿里巴巴概念;算力租赁;华为鲲鹏;区块链;职业教育;云计算;福建自贸区;数字经济;数据安全;海峡两岸;智慧城市;DeepSeek概念;国产操作系统;人工智能;安防;东数西算(算力);创投;华为概念;物联网;国企改革;无人机;机器人概念;虚拟电厂;人形机器人;沪股通 |
| 中水渔业 | 农林牧渔-养殖业-海洋捕捞 | 6 | 预制菜;央企国企改革;人工智能;参股保险;国企改革;中字头股票 |
| 垒知集团 | 建筑材料-建筑材料-其他建材 | 36 | 海峡两岸;福建自贸区;新型城镇化;地下管网;房屋检测;装配式建筑;建筑节能;数字经济;水利;算力租赁;腾讯概念;AIGC概念;ERP概念;医疗器械概念;AI智能体;阿里巴巴概念;数字孪生;创新药;华为欧拉;人工智能;华为鲲鹏;数据安全;DeepSeek概念;光伏建筑一体化;一带一路;华为昇腾;数据中心;高铁;核电;储能;机器人概念;光伏概念;新能源汽车;汽车电子;碳中和;水泥概念 |
| 欢瑞世纪 | 传媒-影视院线-影视院线Ⅲ | 7 | 短剧游戏;文化传媒概念;虚拟数字人;AIGC概念;IP经济(谷子经济);人工智能;西部大开发 |
| 罗平锌电 | 有色金属-工业金属-铅锌 | 8 | 金属锌;金属铅;金属铜;小金属概念;西部大开发;乡村振兴;绿色电力;粮食概念 |
| 石基信息 | 计算机-软件开发-垂直应用软件 | 16 | ERP概念;抖音概念(字节概念);阿里巴巴概念;AI智能体;腾讯概念;云计算;区块链;移动支付;DeepSeek概念;人工智能;跨境支付(CIPS);京津冀一体化;旅游概念;深股通;融资融券;证金持股 |

## 操作建议
| 类别 | 数量 | 建议 |
| --- | --- | --- |
| S级标的 | 0 | 重点关注 |
| A级标的 | 0 | 适当参与 |
| 高风险标 | 3 | 谨慎对待 |

### 仓位建议分档
| 情绪分数 | 建议仓位 |
| --- | --- |
| 61.81 | 均衡型 |

## 板块资金方向（简明版）

### 板块资金净额榜
| 指数名称 | 指数代码 | 资金净额(亿) | 成交额(亿) | 涨跌幅(%) | 涨停家数 |
| --- | --- | --- | --- | --- | --- |
| AI手机 | 886070.TI | 4.99 | 690.95 | 0.70 | 1 |
| 太赫兹 | 886043.TI | 4.81 | 493.86 | 1.79 | 0 |
| 消费电子概念 | 885800.TI | 0.02 | 2362.48 | -0.72 | 12 |
| 工业大麻 | 885818.TI | -0.44 | 64.51 | 0.07 | 0 |
| 锂电池概念 | 885710.TI | -0.68 | 2509.56 | -0.97 | 13 |
| 智能穿戴 | 885454.TI | -6.20 | 1543.81 | -0.82 | 4 |
| ST板块 | 885699.TI | -12.42 | 121.57 | -0.63 | 10 |
| 汽车电子 | 885545.TI | -29.92 | 2223.84 | -0.54 | 9 |
| 商业航天 | 886078.TI | -30.40 | 1770.28 | 0.02 | 5 |
| 无人机 | 885564.TI | -51.31 | 2164.54 | -0.29 | 6 |
| 海峡两岸 | 885939.TI | -56.95 | 1974.87 | 1.39 | 4 |
| 储能 | 885921.TI | -67.28 | 2770.91 | -0.82 | 11 |
| 光伏概念 | 885531.TI | -67.59 | 1719.54 | -0.74 | 9 |
| 芯片概念 | 885756.TI | -106.81 | 4677.34 | -0.87 | 13 |
| 机器人概念 | 885517.TI | -127.62 | 4169.84 | -0.83 | 10 |
| 国企改革 | 886021.TI | -161.49 | 4134.79 | -0.25 | 12 |
| 沪股通 | 885520.TI | -182.41 | 5201.95 | -0.56 | 13 |
| 华为概念 | 885806.TI | -189.97 | 4331.42 | -0.69 | 14 |
| 深股通 | 885694.TI | -233.37 | 7386.10 | -0.66 | 9 |
| 融资融券 | 885338.TI | -396.48 | 13184.19 | -0.72 | 25 |

### 板块涨幅榜
| 指数名称 | 指数代码 | 涨跌幅(%) | 成交额(亿) | 资金净额(亿) | 涨停家数 |
| --- | --- | --- | --- | --- | --- |
| 太赫兹 | 886043.TI | 1.79 | 493.86 | 4.81 | 0 |
| 海峡两岸 | 885939.TI | 1.39 | 1974.87 | -56.95 | 4 |
| AI手机 | 886070.TI | 0.70 | 690.95 | 4.99 | 1 |
| 工业大麻 | 885818.TI | 0.07 | 64.51 | -0.44 | 0 |
| 商业航天 | 886078.TI | 0.02 | 1770.28 | -30.40 | 5 |
| 国企改革 | 886021.TI | -0.25 | 4134.79 | -161.49 | 12 |
| 无人机 | 885564.TI | -0.29 | 2164.54 | -51.31 | 6 |
| 汽车电子 | 885545.TI | -0.54 | 2223.84 | -29.92 | 9 |
| 沪股通 | 885520.TI | -0.56 | 5201.95 | -182.41 | 13 |
| ST板块 | 885699.TI | -0.63 | 121.57 | -12.42 | 10 |
| 深股通 | 885694.TI | -0.66 | 7386.10 | -233.37 | 9 |
| 华为概念 | 885806.TI | -0.69 | 4331.42 | -189.97 | 14 |
| 融资融券 | 885338.TI | -0.72 | 13184.19 | -396.48 | 25 |
| 消费电子概念 | 885800.TI | -0.72 | 2362.48 | 0.02 | 12 |
| 光伏概念 | 885531.TI | -0.74 | 1719.54 | -67.59 | 9 |
| 储能 | 885921.TI | -0.82 | 2770.91 | -67.28 | 11 |
| 智能穿戴 | 885454.TI | -0.82 | 1543.81 | -6.20 | 4 |
| 机器人概念 | 885517.TI | -0.83 | 4169.84 | -127.62 | 10 |
| 芯片概念 | 885756.TI | -0.87 | 4677.34 | -106.81 | 13 |
| 锂电池概念 | 885710.TI | -0.97 | 2509.56 | -0.68 | 13 |

## 持仓分析
无当日持仓记录或未匹配到持仓标的