# 20251125 涨停分析报告
## 市场概况
| 指标 | 数值 |
| --- | --- |
| 涨停家数 | 95 |
| 跌停家数 | 5 |
| 上涨家数 | 4299 |
| 平盘家数 | 145 |
| 下跌家数 | 994 |
| 上证涨跌幅(%) | 0.87 |
| 深证涨跌幅(%) | 1.53 |
| 创业板涨跌幅(%) | 1.77 |
| A股总成交额(亿) | 18261.70 |
| 情绪分数 | 87.99 |

## 趋势(近7日)
| 日期 | 涨停家数 | 涨停Δ | 情绪分数 | 情绪MA5 | 上证(%) | 上证Δ | 深证(%) | 深证Δ | 创业板(%) | 创业Δ | 上涨家数 | 上涨Δ | 下跌家数 | 下跌Δ | 平盘家数 | 平盘Δ |
| --- | --- | --- | --- | --- | --- | --- | --- | --- | --- | --- | --- | --- | --- | --- | --- | --- |
| 20251126.0 | 76.00 |  |  |  | -0.15 |  | 1.02 |  | 2.14 |  | 1692.00 |  | 3593.00 |  | 149.00 |  |
| 20251127.0 | 63.00 | -13.00 |  |  | 0.29 | 0.44 | -0.25 | -1.27 | -0.44 | -2.58 | 2790.00 | 1098.00 | 2447.00 | -1146.00 | 197.00 | 48.00 |
| 20251128.0 | 81.00 | 18.00 |  |  | 0.34 | 0.06 | 0.85 | 1.10 | 0.70 | 1.14 | 4122.00 | 1332.00 | 1193.00 | -1254.00 | 118.00 | -79.00 |
| 20251201.0 | 75.00 | -6.00 |  |  | 0.65 | 0.31 | 1.25 | 0.41 | 1.31 | 0.60 | 3398.00 | -724.00 | 1872.00 | 679.00 | 162.00 | 44.00 |
| 20251202.0 | 54.00 | -21.00 |  |  | -0.42 | -1.07 | -0.68 | -1.94 | -0.69 | -2.00 | 1544.00 | -1854.00 | 3740.00 | 1868.00 | 152.00 | -10.00 |

## 今日龙头 (综合评分前5)
| 股票简称 | 几天几板 | 综合评分 | 评分等级 |
| --- | --- | --- | --- |
| 榕基软件 | 12天7板 | 16.23 | E |
| 雷科防务 | 7天6板 | 14.13 | E |
| 实达集团 | 9天6板 | 13.54 | E |
| 福建高速 | 首板涨停 | 10.76 | E |
| 梦天家居 | 10天7板 | 9.16 | E |

## 资金龙头 (大单净额前3)
| 股票简称 | 最新dde大单净额 |
| --- | --- |
| 榕基软件 | 379094505.00 |
| 茂业商业 | 270000541.00 |
| 福建高速 | 173145531.00 |

## 概念热点
海峡两岸, 福建自贸区, 数据要素, 华为概念, 人工智能

### 热点概念股票
| 股票简称 | 热门概念数量 | 所属概念数量 | 几天几板 | 综合评分 | 评分等级 |
| --- | --- | --- | --- | --- | --- |
| 榕基软件 | 5 | 26 | 12天7板 | 16.23 | E |
| 雷科防务 | 3 | 25 | 7天6板 | 14.13 | E |
| 实达集团 | 5 | 28 | 9天6板 | 13.54 | E |
| 福建高速 | 2 | 5 | 首板涨停 | 10.76 | E |

## 连板梯队
| 几天几板 | 数量 | 股票 |
| --- | --- | --- |
| 10天7板 | 1 | 梦天家居 |
| 12天7板 | 1 | 榕基软件 |
| 6天5板 | 1 | 茂业商业 |
| 7天6板 | 1 | 雷科防务 |
| 7天7板 | 1 | 金富科技 |
| 9天6板 | 1 | 实达集团 |
| 首板涨停 | 1 | 福建高速 |

## 涨停概念与行业统计

### 概念统计（按涨停家数）
| 概念 | 涨停家数 |
| --- | --- |
| 海峡两岸 | 3 |
| 福建自贸区 | 3 |
| 沪股通 | 3 |
| 人工智能 | 3 |
| 融资融券 | 3 |
| 数据要素 | 3 |
| 华为概念 | 3 |
| 参股银行 | 2 |
| 区块链 | 2 |
| 华为鲲鹏 | 2 |
| 国企改革 | 2 |
| 军工信息化 | 2 |
| 物业管理 | 2 |
| 安防 | 2 |
| 军工 | 2 |

### 行业统计（按涨停家数）
| 行业 | 涨停家数 |
| --- | --- |
| 计算机-IT服务-IT服务Ⅲ | 2 |
| 交通运输-公路铁路运输-高速公路 | 1 |
| 轻工制造-包装印刷-包装 | 1 |
| 轻工制造-家居用品-定制家居 | 1 |
| 国防军工-军工电子-军工电子Ⅲ | 1 |
| 商贸零售-零售-百货零售 | 1 |

### 涨停股票列表（含行业与概念）
| 股票简称 | 所属同花顺行业 | 所属概念数量 | 所属概念 |
| --- | --- | --- | --- |
| 福建高速 | 交通运输-公路铁路运输-高速公路 | 7 | 海峡两岸;福建自贸区;参股银行;国企改革;回购增持再贷款概念;融资融券;沪股通 |
| 榕基软件 | 计算机-IT服务-IT服务Ⅲ | 27 | Web3.0;云办公;华为鲲鹏;智慧政务;在线教育;数据安全;军工信息化;信创;区块链;网络安全;数据要素;鸿蒙概念;核污染防治;数字经济;智慧城市;安防;福建自贸区;人工智能;虚拟现实;海峡两岸;华为概念;军工;物联网;电力物联网;物业管理;智能电网;融资融券 |
| 金富科技 | 轻工制造-包装印刷-包装 | 1 | None |
| 梦天家居 | 轻工制造-家居用品-定制家居 | 4 | 芯片概念;智能家居;工业互联网;参股银行 |
| 雷科防务 | 国防军工-军工电子-军工电子Ⅲ | 27 | 太赫兹;军工信息化;商业航天;卫星导航;6G概念;军民融合;数据要素;大飞机;军工;车联网(车路协同);无人机;人工智能;DeepSeek概念;京津冀一体化;东数西算(算力);华为概念;低空经济;毫米波雷达;无人驾驶;5G;养老概念;芯片概念;汽车电子;存储芯片;比亚迪概念;深股通;融资融券 |
| 茂业商业 | 商贸零售-零售-百货零售 | 4 | 物业管理;信托概念;西部大开发;沪股通 |
| 实达集团 | 计算机-IT服务-IT服务Ⅲ | 29 | 智慧政务;国资云;AI智能体;数据要素;阿里巴巴概念;算力租赁;华为鲲鹏;区块链;职业教育;云计算;福建自贸区;数字经济;数据安全;海峡两岸;智慧城市;DeepSeek概念;国产操作系统;人工智能;安防;东数西算(算力);创投;华为概念;物联网;国企改革;无人机;机器人概念;虚拟电厂;人形机器人;沪股通 |

## 跌停池

### 概念统计（按跌停家数）
| 概念 | 跌停家数 |
| --- | --- |
| 预制菜 | 2 |
| 乡村振兴 | 2 |
| 国企改革 | 2 |
| 人民币贬值受益 | 2 |
| 央企国企改革 | 1 |
| 人工智能 | 1 |
| 参股保险 | 1 |
| 中字头股票 | 1 |
| 冷链物流 | 1 |
| 碳中和 | 1 |
| NFT概念 | 1 |
| 跨境电商 | 1 |
| 牙科医疗 | 1 |
| 参股银行 | 1 |
| 柔性直流输电 | 1 |

### 行业统计（按跌停家数）
| 行业 | 跌停家数 |
| --- | --- |
| 农林牧渔-养殖业-海洋捕捞 | 1 |
| 农林牧渔-养殖业-水产养殖 | 1 |
| 轻工制造-家居用品-其他家居用品 | 1 |
| 农林牧渔-养殖业-生猪养殖 | 1 |

### 跌停股票列表（含行业与概念）
| 股票简称 | 所属同花顺行业 | 所属概念数量 | 所属概念 |
| --- | --- | --- | --- |
| 中水渔业 | 农林牧渔-养殖业-海洋捕捞 | 6 | 预制菜;央企国企改革;人工智能;参股保险;国企改革;中字头股票 |
| 獐子岛 | 农林牧渔-养殖业-水产养殖 | 6 | 预制菜;乡村振兴;国企改革;冷链物流;碳中和;人民币贬值受益 |
| 华瓷股份 | 轻工制造-家居用品-其他家居用品 | 10 | NFT概念;跨境电商;牙科医疗;参股银行;人民币贬值受益;柔性直流输电;华为概念;特高压;智能穿戴;消费电子概念 |
| 京基智农 | 农林牧渔-养殖业-生猪养殖 | 9 | 养鸡;猪肉;乡村振兴;文化传媒概念;IP经济(谷子经济);物业管理;粤港澳大湾区;融资融券;深股通 |

## 操作建议
| 类别 | 数量 | 建议 |
| --- | --- | --- |
| S级标的 | 0 | 重点关注 |
| A级标的 | 0 | 适当参与 |
| 高风险标 | 1 | 谨慎对待 |

### 仓位建议分档
| 情绪分数 | 建议仓位 |
| --- | --- |
| 87.99 | 进攻型 |

## 板块资金方向（简明版）

### 板块资金净额榜
| 指数名称 | 指数代码 | 资金净额(亿) | 成交额(亿) | 涨跌幅(%) | 涨停家数 |
| --- | --- | --- | --- | --- | --- |
| 融资融券 | 885338.TI | 192.53 | 13184.19 | -0.72 | 36 |
| 深股通 | 885694.TI | 138.67 | 7386.10 | -0.66 | 19 |
| 数据中心 | 885887.TI | 110.23 | 3458.13 | -0.71 | 15 |
| 5G | 885556.TI | 96.64 | 3049.26 | -0.51 | 15 |
| 芯片概念 | 885756.TI | 87.34 | 4677.34 | -0.87 | 23 |
| 新能源汽车 | 885431.TI | 84.71 | 3835.40 | -0.75 | 17 |
| 华为概念 | 885806.TI | 81.75 | 4331.42 | -0.69 | 22 |
| 粤港澳大湾区 | 885521.TI | 45.06 | 1761.90 | -0.77 | 15 |
| 海峡两岸 | 885939.TI | 30.38 | 1974.87 | 1.39 | 15 |
| 东数西算(算力) | 885957.TI | 14.68 | 2204.31 | -0.82 | 13 |
| 数字经济 | 885976.TI | 8.99 | 1919.49 | -0.49 | 14 |
| ST板块 | 885699.TI | 7.57 | 121.57 | -0.63 | 18 |
| 福建自贸区 | 885617.TI | 4.42 | 904.26 | 1.87 | 12 |
| 工业大麻 | 885818.TI | 1.04 | 64.51 | 0.07 | 0 |
| 人工智能 | 885728.TI | -1.16 | 4143.14 | -0.67 | 22 |
| 太赫兹 | 886043.TI | -7.78 | 493.86 | 1.79 | 2 |
| 无人机 | 885564.TI | -12.17 | 2164.54 | -0.29 | 10 |
| DeepSeek概念 | 886100.TI | -14.35 | 2911.19 | -0.71 | 13 |
| 商业航天 | 886078.TI | -23.98 | 1770.28 | 0.02 | 7 |
| 国企改革 | 886021.TI | -29.62 | 4134.79 | -0.25 | 22 |

### 板块涨幅榜
| 指数名称 | 指数代码 | 涨跌幅(%) | 成交额(亿) | 资金净额(亿) | 涨停家数 |
| --- | --- | --- | --- | --- | --- |
| 福建自贸区 | 885617.TI | 1.87 | 904.26 | 4.42 | 12 |
| 太赫兹 | 886043.TI | 1.79 | 493.86 | -7.78 | 2 |
| 海峡两岸 | 885939.TI | 1.39 | 1974.87 | 30.38 | 15 |
| 工业大麻 | 885818.TI | 0.07 | 64.51 | 1.04 | 0 |
| 商业航天 | 886078.TI | 0.02 | 1770.28 | -23.98 | 7 |
| 国企改革 | 886021.TI | -0.25 | 4134.79 | -29.62 | 22 |
| 无人机 | 885564.TI | -0.29 | 2164.54 | -12.17 | 10 |
| 数字经济 | 885976.TI | -0.49 | 1919.49 | 8.99 | 14 |
| 5G | 885556.TI | -0.51 | 3049.26 | 96.64 | 15 |
| ST板块 | 885699.TI | -0.63 | 121.57 | 7.57 | 18 |
| 深股通 | 885694.TI | -0.66 | 7386.10 | 138.67 | 19 |
| 人工智能 | 885728.TI | -0.67 | 4143.14 | -1.16 | 22 |
| 华为概念 | 885806.TI | -0.69 | 4331.42 | 81.75 | 22 |
| 数据中心 | 885887.TI | -0.71 | 3458.13 | 110.23 | 15 |
| DeepSeek概念 | 886100.TI | -0.71 | 2911.19 | -14.35 | 13 |
| 融资融券 | 885338.TI | -0.72 | 13184.19 | 192.53 | 36 |
| 新能源汽车 | 885431.TI | -0.75 | 3835.40 | 84.71 | 17 |
| 粤港澳大湾区 | 885521.TI | -0.77 | 1761.90 | 45.06 | 15 |
| 东数西算(算力) | 885957.TI | -0.82 | 2204.31 | 14.68 | 13 |
| 芯片概念 | 885756.TI | -0.87 | 4677.34 | 87.34 | 23 |

## 持仓分析
无当日持仓记录或未匹配到持仓标的